0	1000000	-2.81290779243674	1.67231802376749	-1.46210652224175
1000000	2000000	-3.07760269312085	1.61822489420152	-1.69779331788974
2000000	3000000	-3.3882554606815	1.74647908686575	-1.80305805450834
3000000	4000000	-3.3247517982048	1.73578395611531	-2.423411482971
4000000	5000000	-3.59146683150533	1.80776015290768	-2.28515578888551
5000000	6000000	-3.49920921817436	1.23472883878089	-2.37678097037153
6000000	7000000	-3.35862465635801	0.835978376498612	-2.36753318413245
7000000	8000000	-3.59971491142009	0.536714459252814	-2.43158848739154
8000000	9000000	-4.08154319523197	0.576119059207416	-2.38626717232196
9000000	10000000	-4.15785428508839	0.446459112985747	-2.05789258932156
10000000	11000000	-3.99059138489505	0.0296799791266236	-1.96158385337657
11000000	12000000	-3.47007421558668	0.183962683473492	-1.76736983742849
12000000	13000000	-3.14040490254245	0.0149949187417092	-1.56640078377634
13000000	14000000	-2.92510918735261	-0.195969429366045	-1.42040255009026
14000000	15000000	-2.82238389949177	-0.516096366879683	-1.34782806035959
15000000	16000000	-2.96760951463738	-0.84182447015046	-1.78453042991275
16000000	17000000	-2.99949635300291	-1.14160082100291	-2.18080148082592
17000000	18000000	-3.13912322290458	-0.867334245790159	-2.38944450387374
18000000	19000000	-3.18758698583077	-0.964688040179058	-2.80367263634659
19000000	20000000	-3.44168140597981	-1.33576689795918	-3.1951785406166
20000000	21000000	-3.26286011880203	-1.54782321682852	-3.45803226338012
21000000	22000000	-3.05632039014995	-1.14221288752022	-3.44404883713127
22000000	23000000	-3.09524774801577	-0.782087917577197	-3.57917796700103
23000000	24000000	-2.86601459945761	-0.605752275970093	-3.54541191298309
24000000	25000000	-2.80781127315213	-0.1706369272054	-3.73095090639764
25000000	26000000	-2.48205576542101	-0.00336731032741941	-3.55750858202669
26000000	27000000	-2.25074311792395	0.483085289394734	-3.51924192765697
27000000	28000000	-2.01907043298489	0.549933690297382	-3.2988021146195
28000000	29000000	-1.5734680574906	0.559252721254864	-3.3547446212474
29000000	30000000	-1.32686142716175	0.392702103847535	-2.87371589009329
30000000	31000000	-1.36448767195426	-0.116910689890009	-2.96656739853245
31000000	32000000	-1.10822368799023	-0.491614962415358	-2.66219026100315
32000000	33000000	-1.12606697984922	-0.563654828536068	-3.05818724761287
33000000	34000000	-1.35926350366957	-1.13325570085629	-3.30409922040667
34000000	35000000	-1.31072297132301	-1.48529566572008	-3.26179660897007
35000000	36000000	-1.237861789349	-1.5306073679464	-2.83313931100798
36000000	37000000	-1.271734932806	-2.0870413150813	-2.68352348518316
37000000	38000000	-0.960260398610424	-2.01364407591922	-2.46902718221167
38000000	39000000	-1.10895790573232	-1.82276873486613	-2.23560932966358
39000000	40000000	-1.16601914777236	-1.89794271068284	-2.22940866421769
40000000	41000000	0.166029648361905	-2.85071182979514	-3.60823021684888
41000000	42000000	-0.167557813682648	-1.18496540087574	-1.86155280252059
42000000	43000000	-0.284628202664346	-0.973394283568814	-1.45399593032491
43000000	44000000	-0.105600165462182	-0.7563688434058	-1.34691700365111
44000000	45000000	-0.292214203399083	-0.535816869450774	-0.939313830722129
45000000	46000000	-0.257924597509107	-0.115191112190988	-0.818966873166156
46000000	47000000	-0.503697007950696	-0.126097305520452	-0.741261112299302
47000000	48000000	-0.549926585230226	0.0425172509890436	-0.933264846355398
48000000	49000000	-0.00864953862671259	0.0485144505096153	-0.77680590073266
49000000	50000000	0.17746727776788	0.255544835343102	-0.868537195704099
50000000	51000000	0.290439848490873	0.151696499557509	-1.38383978607393
51000000	52000000	0.920507790150048	0.0864797342989662	-1.65372294953982
52000000	53000000	1.23239729147852	-0.0597398408227595	-1.84280895073224
53000000	54000000	1.55967034607474	-0.794352100271233	-1.99006748359031
54000000	55000000	2.01157524578043	-0.924252237719617	-2.04907804766396
55000000	56000000	1.66167268078073	-1.25330442802705	-2.00878053158835
56000000	57000000	1.59383401098427	-1.69753238196257	-1.79474716555509
57000000	58000000	1.78047181580645	-1.99364562110344	-1.61910521304047
58000000	59000000	1.28387602915499	-2.04191864206447	-1.39198318942122
59000000	60000000	1.23277351574969	-2.46981058779958	-1.0639774438637
60000000	61000000	1.1166352051212	-2.58154157938252	-0.647481181590432
61000000	62000000	0.761644066004217	-2.30385980283191	-0.413739351734344
62000000	63000000	0.696708425698759	-1.97749006006262	-0.0653577440285709
63000000	64000000	0.765508858394526	-1.85487584666263	0.32010754388353
64000000	65000000	1.26432586678963	-1.78728102510877	0.281559458307062
65000000	66000000	1.8877107691384	-1.82356147865296	0.248178770913554
66000000	67000000	1.84386638704537	-2.21968378743844	0.294371981389577
67000000	68000000	1.50972582064294	-2.16599533702292	0.699538411692202
68000000	69000000	0.191371696681673	-1.41809395287336	0.887938333682615
69000000	70000000	-0.238707563573561	-1.41344502107752	1.12508556648597
70000000	71000000	-0.472201941513432	-1.25414847817664	1.44898820765708
71000000	72000000	-0.689708483525783	-1.19465007545784	1.81246269910666
72000000	73000000	-1.02889484370969	-1.12155938582874	1.78065238458781
73000000	74000000	-1.22067000458273	-0.973095635360965	1.63347378229558
74000000	75000000	-1.35177104790392	-0.513790343808261	1.46146972290888
75000000	76000000	-1.31291454080268	-0.284358176158568	1.41574215274677
76000000	77000000	-1.05087898350504	-0.00335199754651743	1.27027830542315
77000000	78000000	-0.608831856057655	0.128188367919535	0.93315857833867
78000000	79000000	-0.16529516796121	0.140710951568406	0.81630634577156
79000000	80000000	0.143420792579034	0.0613304883582368	0.833100192141977
80000000	81000000	0.714922876208871	0.182050230207809	0.912393209647458
81000000	82000000	1.25408164971425	0.210710090546651	0.772301980620226
82000000	83000000	1.59529560965598	0.0295696150829661	0.529900815671337
83000000	84000000	1.82233886599727	0.239153407486196	0.323286834779589
84000000	85000000	1.58339310616439	0.622497095636082	0.373854893164233
85000000	86000000	1.24492880293233	1.04019699192105	0.662650736566652
86000000	87000000	1.00900998929917	1.37364169132922	0.690627596115487
87000000	88000000	0.547645210934206	1.28752264623309	0.815776338335726
88000000	89000000	-0.38470038434861	1.96575098004815	0.631062031694713
89000000	90000000	-0.306304681590784	2.21393801668511	0.596722778292417
90000000	91000000	0.123208469570198	2.41827189081919	1.06162472629769
91000000	92000000	-0.0702322332099908	2.51446270801328	1.48423062724178
92000000	93000000	-0.190595032274057	2.17032878855965	1.73913678675083
93000000	94000000	-0.461487133636399	1.97837400759203	1.91530594647353
94000000	95000000	-0.385447881543552	1.80973894794598	2.26729748109139
95000000	96000000	-0.805877505603442	1.87716501087316	2.52634599102961
96000000	97000000	-0.81667401669449	1.38440087880981	2.77100580485426
97000000	98000000	-0.555952984316929	0.984836678726793	2.85519018718168
98000000	99000000	-0.103605276617982	0.992103117893309	2.96161365702371
99000000	100000000	0.302218821834753	1.17184186627148	3.35954595741112
100000000	101000000	-0.173966049799838	0.792476990080869	3.41840697780425
101000000	102000000	-0.261284388147168	0.433668478380441	3.58533672032559
102000000	103000000	-0.203292439993626	0.0711163028607544	3.60130506277234
103000000	104000000	0.0761710215127683	-0.0621427571807423	3.47769125261795
104000000	105000000	0.414545823989441	-0.0588309061888061	3.28264757458294
105000000	106000000	1.75814161634275	-0.548475521480556	2.69645649538612
106000000	107000000	2.16762992615354	-0.687132933211105	2.54795187369592
107000000	108000000	2.53310319305824	-0.764391146282156	2.7843639149529
108000000	109000000	2.56501139863573	-0.88869579588049	3.14459573579412
109000000	110000000	2.82063276187563	-0.615402002921188	3.17615696633379
110000000	111000000	2.58814089927002	-0.161992735701045	3.21837670244722
111000000	112000000	2.30153481192926	0.0838890442524963	3.32549589364158
112000000	113000000	2.52803154318332	0.433872859113291	3.14126085047673
113000000	114000000	2.22861285540833	0.730681740670027	2.77621100285041
114000000	115000000	1.99410038457159	1.01320144673047	3.01517933850854
115000000	116000000	2.2930832774	1.20914468474633	3.41748042049941
116000000	117000000	2.82073808464193	1.43801746791902	3.43007906575714
117000000	118000000	2.62265925782972	1.73073980207343	3.0880253594512
118000000	119000000	2.31485163915775	2.13247617702055	2.94386429487508
119000000	120000000	2.24122338720765	2.08846028105615	2.52588609808144
120000000	121000000	2.12617736441692	2.21370254102736	2.26116313242016
121000000	122000000	2.50663283811409	2.58887736583384	2.1091018888237
122000000	123000000	2.82354808781218	2.30708520751387	2.03206654179129
123000000	124000000	2.93230948905047	1.95706954318975	1.52627967977155
124000000	125000000	2.75498498993849	1.67301579065759	1.40105746142807
125000000	126000000	2.82995971319065	1.3322706305517	1.72588525063728
126000000	127000000	3.4266870566958	0.903602262688234	2.06961141681952
127000000	128000000	3.77856933677117	0.562161242214815	2.11603878905288
128000000	129000000	3.89007395934425	0.754926794635089	1.69959787622362
129000000	130000000	4.00467725283386	0.230548960422069	1.67038734515811
130000000	131000000	3.7692560845259	0.321237130417959	1.37113024213696
131000000	132000000	3.64654642392229	0.0157116978434011	1.6323295630071
132000000	133000000	3.48072618807202	0.283002256465015	1.59163091593956
133000000	134000000	3.1973324728386	0.341133428088964	1.356399942343
134000000	135000000	3.03516645881768	0.265039413147306	1.37578026475262
