0	1000000	-2.33809344710862	-1.6073087161569	0.545141793113062
1000000	2000000	-3.01454848511358	-1.53355659482872	0.738694899105675
2000000	3000000	-2.79803393478311	-1.00151667986862	1.07812908139638
3000000	4000000	-3.70602509576402	-1.53712826565904	0.912785684220493
4000000	5000000	-3.60131490569401	-0.953559406141503	1.00601805721013
5000000	6000000	-3.73576584336869	-0.954185308017804	1.46542138472982
6000000	7000000	-3.54638540414162	-1.61617205763643	1.56747175393925
7000000	8000000	-3.44861165961965	-1.3762595350671	2.05396294679492
8000000	9000000	-2.67878129211431	-1.25357584549184	2.12660155909193
9000000	10000000	-3.00172431662504	-0.90221155954344	2.7261245941141
10000000	11000000	-2.53707619494038	-0.805036495129698	2.86342178169741
11000000	12000000	-1.93796898647509	-0.606044622547365	3.19927797731721
12000000	13000000	-1.59918788098656	-0.838630701093228	3.70071245806186
13000000	14000000	-1.27805247989552	-1.38474826873526	3.86912630744584
14000000	15000000	-0.928051103090211	-2.14625539727297	3.68596378096553
15000000	16000000	-1.32814467149959	-2.48544698249359	2.88041633125886
16000000	17000000	-1.26068014091659	-3.01955828868204	2.53586672359058
17000000	18000000	-0.981596359087517	-2.61974995719318	2.16965912095199
18000000	19000000	-0.243732751328232	-2.25709797838127	2.50312012930673
19000000	20000000	0.424344564150237	-2.31350253234836	2.31153485892755
20000000	21000000	1.21501468652246	-1.8337357762385	2.35248831794841
21000000	22000000	1.81520283349321	-1.76867697070607	2.33627069140267
22000000	23000000	2.22586394100805	-1.49554657639679	2.31503874266097
23000000	24000000	2.11180501065064	-1.13761910302825	2.09802968696906
24000000	25000000	1.60784819134547	-0.644123405535466	2.22095768509885
25000000	26000000	-0.312938826568876	-0.499853850328589	1.72309980317697
26000000	27000000	-1.53640574875008	-0.217848570337959	1.26411031573581
27000000	28000000	-1.47607122096781	0.327983288760496	1.58850915457753
28000000	29000000	-0.551539239788177	0.583579310561144	1.59665393567337
29000000	30000000	-0.539677099755075	0.715207712362973	2.31990714528691
30000000	31000000	0.00200322691693577	0.725999540692531	2.43128772634573
31000000	32000000	0.603031230991886	1.22409006004159	2.47843302038524
32000000	33000000	0.548931333261861	1.78534229508922	2.02349602254081
33000000	34000000	-0.16953554422047	2.37651336452741	2.09293066694835
34000000	35000000	-0.372105404710061	2.67167745409869	1.13872072444417
35000000	36000000	0.277140629827966	2.80650034939834	1.26479436142903
36000000	37000000	1.2682553917922	2.41038787025684	1.03421686601806
37000000	38000000	1.743969600493	2.35105505335474	0.741655139841762
38000000	39000000	2.4740998296237	2.30981381452667	1.06012093623846
39000000	40000000	2.83387991136951	1.76626440024498	0.959665509737502
40000000	41000000	3.44133605666738	1.91303603482028	0.938778007845306
41000000	42000000	3.77862736437796	2.00114556499679	0.312001870586589
42000000	43000000	3.44643206591853	1.26828928112713	0.0388266462004576
43000000	44000000	4.15995844726557	0.577014542581196	0.098722990887696
44000000	45000000	4.26963296138166	0.120381176856971	0.073778562814142
45000000	46000000	4.20873228853189	-0.290207228222889	0.0574584113487747
46000000	47000000	3.99011434358917	-0.640361728562442	-0.245382802405992
47000000	48000000	3.6374353687282	-1.05833936599937	-0.54922697051725
48000000	49000000	3.11006319135126	-0.727830121252758	-0.437963925692553
49000000	50000000	2.58588200429975	-1.25714881829855	-0.677618759724552
50000000	51000000	2.74887195515675	-1.46743235028207	-1.08700098086324
51000000	52000000	2.28382515247479	-1.6214294973651	-1.654581909625
52000000	53000000	2.67240138132365	-1.30304295305397	-2.0235847821312
53000000	54000000	2.81077743359073	-0.93464063682937	-2.56266585603888
54000000	55000000	3.22249712149069	-0.24740012090332	-2.55025760752526
55000000	56000000	3.3491092691887	0.104648617948397	-2.72074233078088
56000000	57000000	3.09137920019279	0.88577380337649	-2.87923912923837
57000000	58000000	2.87353605925812	0.857169823756092	-2.2988784136583
58000000	59000000	2.28458487510396	0.595047547229667	-2.06870530074183
59000000	60000000	1.59784982569303	0.878803814576495	-2.23534366371506
60000000	61000000	1.36185593538231	0.86561952422086	-1.84230789426274
61000000	62000000	0.655993761950581	0.940696763631347	-1.61253048982221
62000000	63000000	0.647243209919794	0.505389576271374	-1.41323876832475
63000000	64000000	0.669607601676347	-0.37128354465923	-1.84661278772941
64000000	65000000	0.0706949786092195	-0.495224494897664	-1.7926220599469
65000000	66000000	-0.531405027369008	-0.127028258784499	-1.93629509493154
66000000	67000000	-1.62471339855139	-0.239429278033994	-2.11720897475012
67000000	68000000	-2.21844102981807	-0.461721168452868	-2.3734579345031
68000000	69000000	-1.67250423599487	-0.179643660597987	-2.6316020690479
69000000	70000000	-0.773735220020197	0.0730034796772058	-2.88027506404268
70000000	71000000	-0.331840691766353	0.743639845795511	-3.093772912761
71000000	72000000	-0.768002540977322	1.13706915100346	-3.21123962301652
72000000	73000000	-1.19909727507409	1.43039747876574	-3.07476599795179
73000000	74000000	-1.75801307405243	1.07139205245509	-3.31520490215833
74000000	75000000	-2.33751942724845	1.19951103171972	-3.56185763882323
75000000	76000000	-3.15370355472326	0.957334875954759	-3.58926931136356
76000000	77000000	-3.42307046713077	0.531518452001809	-3.28255822357343
77000000	78000000	-3.78009186516207	0.931773486702831	-3.13730834640352
78000000	79000000	-3.15403050012169	1.35911958487887	-2.89845198513872
79000000	80000000	-3.07915819278864	1.91867981849483	-2.35147367053168
80000000	81000000	-2.66873564883515	1.66945476260366	-1.90773961482755
81000000	82000000	-2.47784542248832	1.95233503768319	-1.40220146619134
82000000	83000000	-2.24587662513503	1.68845302801064	-1.23621690262155
