0	1000000	0.743683574465905	-1.05007051383287	2.48466721165999
1000000	2000000	0.761672327461417	-1.0385969451991	2.50402668895409
2000000	3000000	0.787404259398126	-1.00656637244985	2.57314300848113
3000000	4000000	0.825434772850674	-0.917375182913151	2.67471037746289
4000000	5000000	0.824666522343966	-0.873332851753919	2.77893458098357
5000000	6000000	0.824148025197611	-1.03089148094837	2.79209185166233
6000000	7000000	0.834613559850191	-1.2701150686519	2.78748465896969
7000000	8000000	0.881060833631864	-1.52987092745615	2.73442078590023
8000000	9000000	0.942337786355385	-1.64583268747686	2.7372047015052
9000000	10000000	1.04026790113955	-1.7219014598132	2.73729146135168
10000000	11000000	1.14378942862307	-1.73673914839725	2.80730243390355
11000000	12000000	1.23055238852978	-1.7116275061157	2.91406577175066
12000000	13000000	1.30779865275386	-1.62532282954764	3.0611280166703
13000000	14000000	1.35349702670181	-1.55007305975582	3.20993965752575
14000000	15000000	1.33532974021368	-1.52707456176086	3.31423731791389
15000000	16000000	1.26945953578726	-1.61528583569253	3.41340846842368
16000000	17000000	1.16647358415942	-1.77636826652204	3.47310510986908
17000000	18000000	1.11865733484707	-1.93635976586906	3.55069036050981
18000000	19000000	1.0727111596149	-2.09824698745859	3.59953488011746
19000000	20000000	1.07698273535271	-2.25180662233574	3.68107441884858
20000000	21000000	1.06450750651265	-2.38427154813071	3.79079988311693
21000000	22000000	1.08382691090198	-2.4535842545046	3.94646059381421
22000000	23000000	1.08690789056792	-2.47859475263518	4.1084391330738
23000000	24000000	1.06854718651922	-2.46066242054323	4.28034764313708
24000000	25000000	1.01093191250719	-2.43453388754504	4.40797028607922
25000000	26000000	0.903472581629655	-2.348315145774	4.48401592387981
26000000	27000000	0.793517969303982	-2.24870737511036	4.47775141061162
27000000	28000000	0.682115874526766	-2.1564200824292	4.44677843581037
28000000	29000000	0.586474669693297	-2.06170965341539	4.39801150917833
29000000	30000000	0.491180171795169	-1.98319849177525	4.36275482942088
30000000	31000000	0.367338018233095	-1.90304081822339	4.3739961713026
31000000	32000000	0.241211882295355	-1.85792531603961	4.43028102487422
32000000	33000000	0.106690932809385	-1.815340994973	4.46758918472433
33000000	34000000	-0.0609277942340075	-1.7367676432892	4.48326247101896
34000000	35000000	-0.223305328658052	-1.72254245095801	4.36347410113031
35000000	36000000	-0.386284991696818	-1.75166081396808	4.22895880925463
36000000	37000000	-0.483605410605915	-1.84473721830381	4.03717066007604
37000000	38000000	-0.588216531189402	-1.89431806785091	3.92726265082046
38000000	39000000	-0.693069018423216	-1.95025945491905	3.80830466385737
39000000	40000000	-0.791267365038142	-2.00258436556093	3.68071080612055
40000000	41000000	-0.891493583175264	-2.0445528654461	3.53009541584918
41000000	42000000	-0.969881309521693	-2.06233612683319	3.37449628146895
42000000	43000000	-1.0243460979252	-2.02692459280087	3.22274715109034
43000000	44000000	-1.04649890363198	-1.97568820186162	3.08377455068563
44000000	45000000	-1.07783766835481	-1.89219275061367	2.92997178888662
45000000	46000000	-1.14945979808144	-1.81345511201024	2.78012802419625
46000000	47000000	-1.40274833184981	-1.69352712948166	2.55300398282971
47000000	48000000	-1.69317754466307	-1.61169705297229	2.32594090886116
48000000	49000000	-2.04197732849924	-1.58431304072497	2.06845865734208
49000000	50000000	-2.14451625278005	-1.55844353832447	1.91227699210857
50000000	51000000	-2.0248039783946	-1.4198609098531	1.87305939375306
51000000	52000000	-1.81085322298701	-1.20821664479777	1.88829038223522
52000000	53000000	-1.65814146275815	-0.99815137295077	1.90630151462225
53000000	54000000	-1.68408663322623	-0.841529657454558	1.82198696530793
54000000	55000000	-1.95560619083773	-0.68183209356656	1.69354418204151
55000000	56000000	-2.27660028077358	-0.571321371690935	1.59193527942709
56000000	57000000	-2.65782251737026	-0.492061127139235	1.58216569364744
57000000	58000000	-2.84494348149645	-0.543289892781096	1.59245044030074
58000000	59000000	-3.04837976061716	-0.645006138409024	1.59490995911059
59000000	60000000	-3.167839661272	-0.720597423194965	1.48813270776074
60000000	61000000	-3.3085245494672	-0.649858040999239	1.38994462689297
61000000	62000000	-3.35016109730065	-0.485444391443292	1.23314518861744
62000000	63000000	-3.4110323453608	-0.27001274786552	1.13282331624468
63000000	64000000	-3.40698382406861	-0.0747370057738982	0.995190909566957
64000000	65000000	-3.43784181792951	0.124559249101339	0.856785958116344
65000000	66000000	-3.48561462953342	0.267067947532251	0.69942892002466
66000000	67000000	-3.57350772955328	0.41421589598079	0.545848470147724
67000000	68000000	-3.66114527231295	0.477363451399382	0.339291560436685
68000000	69000000	-3.71609998084076	0.538761497484332	0.110394519608403
69000000	70000000	-3.77766140142357	0.633085373639588	-0.0507602259978001
70000000	71000000	-3.88728623225255	0.767097861698304	-0.161954948837131
71000000	72000000	-4.04144560376246	0.891834435425363	-0.281944713347292
72000000	73000000	-4.21790705970458	0.919593009535927	-0.467018262050284
73000000	74000000	-4.28163814716396	0.955122969756641	-0.683442756758893
74000000	75000000	-4.27689764609034	0.979035719711302	-0.91450125843404
75000000	76000000	-4.08922426289448	0.955854271474164	-1.13125913218745
76000000	77000000	-3.98953747300326	0.907456425025544	-1.31351202465485
77000000	78000000	-3.92856176553153	0.811822336229795	-1.47769206043178
78000000	79000000	-4.0022795699303	0.720367739835594	-1.68387844376279
79000000	80000000	-4.08011042801269	0.608466811083869	-1.86042592943152
80000000	81000000	-4.12307162236468	0.473185957607077	-2.03650772907956
81000000	82000000	-4.09969711531678	0.276898247041149	-2.17792695330735
82000000	83000000	-4.06191465634271	0.153924784140722	-2.32629976135765
83000000	84000000	-3.96532807386187	-0.0262767998938021	-2.32010283628323
84000000	85000000	-3.85015088721149	-0.155625624776747	-2.20171491280817
85000000	86000000	-3.66967671014004	-0.409804453123006	-2.06079430351251
86000000	87000000	-3.47846217897508	-0.628432026582797	-2.00752025176897
87000000	88000000	-3.29364744168936	-0.779073336067215	-1.95785282186333
88000000	89000000	-3.05725994900462	-0.893823344536868	-1.96743848910942
89000000	90000000	-2.83887899982251	-0.867293337549382	-1.98483703249636
90000000	91000000	-2.65092135163517	-0.793094971689148	-2.08148206978669
91000000	92000000	-2.53709429356541	-0.643196886490648	-2.1634454663622
92000000	93000000	-2.46196830475736	-0.464537782723066	-2.32083934241103
93000000	94000000	-2.37913206952819	-0.343815735811483	-2.51249330821218
94000000	95000000	-2.34462373401461	-0.182338497323434	-2.7828011418541
95000000	96000000	-2.35299022736099	-0.0824135953032767	-3.07582531032822
96000000	97000000	-2.36230915610548	0.101907913616944	-3.26804830263546
97000000	98000000	-2.31335941758156	0.178293167786815	-3.37792801732432
98000000	99000000	-2.18343542572288	0.189240689346399	-3.46770704373121
99000000	100000000	-1.99321329935594	0.137321584285891	-3.61046839901392
100000000	101000000	-1.76448279643287	0.108916418990856	-3.69911332990315
101000000	102000000	-1.5413535894406	0.0450979448571479	-3.72675462500204
102000000	103000000	-1.3838458468541	-0.124571333868165	-3.66687749598373
103000000	104000000	-1.27998130557493	-0.371161595720903	-3.54577963152793
104000000	105000000	-1.15758178467527	-0.571785248167704	-3.4231484521161
105000000	106000000	-1.02491199183898	-0.743484173919921	-3.29365637542319
106000000	107000000	-0.925565600181517	-0.871180164472848	-3.1637077148561
107000000	108000000	-0.904652509587427	-0.996191169246998	-2.9444761477856
108000000	109000000	-0.753345791634563	-1.19486070581432	-2.64245476540049
109000000	110000000	-0.537310698253027	-1.3992881911686	-2.37667862586428
110000000	111000000	-0.330564569476369	-1.62838837860573	-2.18707497761702
111000000	112000000	-0.237150136758216	-1.74677395422072	-2.09260509678163
112000000	113000000	-0.122468362168952	-1.80752753889649	-1.99884986193332
113000000	114000000	0.0694427510269863	-1.82035967257193	-1.88818623705736
114000000	115000000	0.286907644858558	-1.8019074803201	-1.80033912235139
115000000	116000000	0.386316912224266	-1.74294108284821	-1.66995054068189
116000000	117000000	0.411158809327136	-1.62473970475701	-1.50624645819992
117000000	118000000	0.329907569697974	-1.43567363093457	-1.40404664311517
118000000	119000000	0.339946197226253	-1.22219573783864	-1.33493755488606
119000000	120000000	0.408867942842979	-0.695066179992825	-1.12182807669376
120000000	121000000	0.517143951733084	-0.287989328563795	-0.936445721776916
121000000	122000000	0.601137736010144	0.170045345879795	-0.629832772722463
122000000	123000000	0.615064621250478	0.1635190316023	-0.593279745898017
123000000	124000000	0.655597952239724	0.194970312138434	-0.547376529469914
124000000	125000000	0.692466474484326	0.140863327890763	-0.629082445098349
125000000	126000000	0.78489902001499	0.0904029442993391	-0.701474535020076
126000000	127000000	0.803943931401139	0.058001879976751	-0.696250500844752
127000000	128000000	0.926889111975263	-0.141099040971409	-0.674278815528389
128000000	129000000	0.810741654079854	-0.22792294325241	-0.470007401178052
129000000	130000000	0.718950587403495	-0.362080662564178	-0.295345106447839
130000000	131000000	0.48103668034342	-0.439823504897688	-0.156111234878078
131000000	132000000	0.38543738020237	-0.541459881636288	-0.127269377751263
132000000	133000000	0.245111265080519	-0.512952394828246	-0.126920123203801
133000000	134000000	0.109327148869428	-0.386314367885523	-0.158824308707441
134000000	135000000	0.0233255830586725	-0.228772337265786	-0.202824452299933
135000000	136000000	-0.0490794206352926	-0.10254680061855	-0.341548099734643
136000000	137000000	-0.116955087586933	0.0319331562113249	-0.510627511210567
137000000	138000000	-0.178219586638965	0.187423463060834	-0.736246826716844
138000000	139000000	-0.0970284895286322	0.315403023941436	-0.886549193224919
139000000	140000000	0.0106562150198138	0.410605691260541	-1.02354573448819
140000000	141000000	0.0978218986640866	0.547237464590478	-1.18673624599414
141000000	142000000	-0.00204870568875529	0.84080970846896	-1.42098763473781
142000000	143000000	-0.164547208633471	1.19287516851854	-1.66430850208739
143000000	144000000	-0.208934341788706	1.43476651145509	-1.87901682039161
144000000	145000000	-0.183156799690645	1.42478993816348	-2.05747343875609
145000000	146000000	0.0128675206893213	1.32063836493629	-2.22936812509268
146000000	147000000	0.174004115278297	1.27960566656893	-2.44078881914246
147000000	148000000	0.40103024852558	1.29417526511226	-2.57926817736275
148000000	149000000	0.564209561670248	1.29441921018648	-2.73640000898569
149000000	150000000	0.732456254159405	1.22297465648376	-2.81133014626086
150000000	151000000	0.895396322699764	1.14005129677698	-2.99482114879158
151000000	152000000	1.06326696789999	1.13075642148886	-3.15632126624322
152000000	153000000	1.22629521866173	1.14491603997115	-3.29234386554174
153000000	154000000	1.40709650586038	1.10499880963189	-3.3053806240738
154000000	155000000	1.56587184736116	0.956230058234248	-3.26644733190602
155000000	156000000	1.74090170285486	0.681863473606321	-3.23583899247674
156000000	157000000	1.8388970559032	0.408873115489992	-3.15431306444062
157000000	158000000	1.92743546697988	0.220065729012876	-3.03985040564657
158000000	159000000	1.9258866833017	0.210468633784406	-2.82038904072211
159000000	160000000	1.96537495298616	0.309124532448061	-2.6354584701168
160000000	161000000	2.0175561990895	0.445866849923482	-2.46944512570357
161000000	162000000	2.08285907440864	0.608679375365901	-2.389871686146
162000000	163000000	2.210526000733	0.776443056175785	-2.32994222054214
163000000	164000000	2.37060220568484	0.960875935283873	-2.34531289077018
164000000	165000000	2.63187055887231	1.1356803270438	-2.35882792751927
165000000	166000000	2.90367957722035	1.29563173834371	-2.38961739451993
166000000	167000000	3.14649662613738	1.48584094607118	-2.36709581825219
167000000	168000000	3.33572684476019	1.57648395067119	-2.30078310328128
168000000	169000000	3.46468663634478	1.5616175207251	-2.17868614686448
169000000	170000000	3.5309216935179	1.51381377474667	-1.98703699738316
170000000	171000000	3.53820100257029	1.41591668036012	-1.84244428654064
171000000	172000000	3.56056231136171	1.33913480647644	-1.6471725003243
172000000	173000000	3.62752131016322	1.12458901548304	-1.46487798990716
173000000	174000000	3.68777532834848	0.969084316617774	-1.25938758449139
174000000	175000000	3.6901359001191	0.777627662927783	-1.17300941135007
175000000	176000000	3.57126179973466	0.595638566570103	-1.03087315499344
176000000	177000000	3.43613455561407	0.37851420241696	-0.863718239334614
177000000	178000000	3.27642562027826	0.207874849837258	-0.654085507258383
178000000	179000000	3.08317764298192	0.0697720820169088	-0.541253185351341
179000000	180000000	2.81523579878269	-0.0415593468895551	-0.477301887041926
180000000	181000000	2.50884574206737	-0.16685000484556	-0.434886067241498
181000000	182000000	2.28392279383889	-0.259736651954975	-0.392287927570953
182000000	183000000	2.13057857506032	-0.291649574817939	-0.372078866804279
183000000	184000000	2.00477171538209	-0.250980100238481	-0.3507570133936
184000000	185000000	1.88815779030399	-0.149857093526791	-0.373246470835631
185000000	186000000	1.81211510476462	-0.0405665830246359	-0.390141303448464
186000000	187000000	1.78578699597503	0.18632581207902	-0.43480811424808
187000000	188000000	1.81642265877033	0.424593765905426	-0.435404326239048
188000000	189000000	1.86651526994421	0.728694443828477	-0.427235508004301
189000000	190000000	1.91742660980787	0.956887619591741	-0.421055793419905
190000000	191000000	1.99494376903961	1.16344428724177	-0.45951464860492
191000000	192000000	2.05700027804333	1.33366703665874	-0.490050946471314
192000000	193000000	2.12485194748679	1.53539355793654	-0.485014282261662
193000000	194000000	2.19191763435955	1.80841653222308	-0.430659999442917
194000000	195000000	2.25607042530087	2.11224766264341	-0.357236755595104
195000000	196000000	2.23562470123983	2.37373035133148	-0.30804903252129
196000000	197000000	2.11836031711376	2.5810881012803	-0.257595449233313
197000000	198000000	1.94623141937012	2.72885076514649	-0.256106195220952
198000000	199000000	1.70558153780486	2.73284597087615	-0.300038585690836
199000000	200000000	1.42978158487756	2.69518961237704	-0.404230949765998
200000000	201000000	1.15708437551556	2.58654862129238	-0.494241540656474
201000000	202000000	1.01160340733821	2.5084378682342	-0.476065088455135
202000000	203000000	0.932629038480234	2.34184929154409	-0.392785125362385
203000000	204000000	0.832056775982826	2.2014020539455	-0.273009183198327
204000000	205000000	0.661143620691838	2.12035168726931	-0.151178699227217
205000000	206000000	0.506778318311193	2.13999639085942	-0.0129940888081546
206000000	207000000	0.392710535755118	2.15786701532483	0.166870403578208
207000000	208000000	0.337089874415821	2.18405830843238	0.345202096253826
208000000	209000000	0.263355069158165	2.21514844288372	0.525377308560618
209000000	210000000	0.265292809637885	2.32025360937216	0.627329778783102
210000000	211000000	0.335645696673625	2.45091589975516	0.763527207308368
211000000	212000000	0.473084751424874	2.53790366789677	0.902314422188783
212000000	213000000	0.590798921509356	2.51183876479189	1.07595502539238
213000000	214000000	0.686311961594485	2.42464501704068	1.166058840409
214000000	215000000	0.798996421487994	2.33386055285559	1.19165205947534
215000000	216000000	1.04372989995849	2.30622834400312	1.13515576606866
216000000	217000000	1.36165588836471	2.29228081035362	1.12686287332202
217000000	218000000	1.66309240564791	2.2433101279968	1.15905760050963
218000000	219000000	1.75989176324477	2.11611405695182	1.19712619151035
219000000	220000000	1.75694947023235	1.92021692267222	1.16612952760464
220000000	221000000	1.6746019114588	1.71045376415761	1.05229076070511
221000000	222000000	1.58103114203515	1.48258828992443	0.986651732270311
222000000	223000000	1.46051271992146	1.31017863612824	0.933065910097096
223000000	224000000	1.31852193497648	1.17903373271923	0.861466813228941
224000000	225000000	1.20251931661751	1.08133716595731	0.754351177806374
225000000	226000000	1.14199089647149	1.04571241000246	0.576700472800845
226000000	227000000	1.11433355276917	0.987907856877759	0.431928940298592
227000000	228000000	1.09036422861834	0.970578222200909	0.322773047201351
228000000	229000000	1.0518891337421	0.921175322915067	0.292326231571767
