0	1000000	0.360728254611294	3.44400753276786	1.5918334723147
1000000	2000000	-0.427293640050318	3.24132207992192	1.93464112227153
2000000	3000000	-0.777778039979913	3.30616330752421	1.87000252143291
3000000	4000000	-0.828344179054904	4.10390343000344	1.97473775018495
4000000	5000000	-1.1304524818698	3.75867732950709	1.83855150591398
5000000	6000000	-1.46641045945791	3.58941926390273	2.23562772155364
6000000	7000000	-1.86073742964364	3.57997914777388	2.64972862012249
7000000	8000000	-2.35720427620366	3.3543935455069	2.74162641221143
8000000	9000000	-2.33036514104067	2.8691386587759	3.10040236304943
9000000	10000000	-2.66724679780255	2.73649486263497	2.97065767763983
10000000	11000000	-3.05959935209604	2.78592061528389	2.80668810700258
11000000	12000000	-3.33001203378245	2.32153793566825	2.48080379223565
12000000	13000000	-3.36826188960947	1.9861191250659	2.17892948754531
13000000	14000000	-3.28339566267544	1.57064003278687	1.79140807382538
14000000	15000000	-3.2231415815827	1.2922071810736	1.41506733588956
15000000	16000000	-3.10923673810161	1.25274324698834	0.926023487577005
16000000	17000000	-2.88687280061814	1.57870971812334	0.714959052036626
17000000	18000000	-2.27099864661274	1.32423085723605	0.587561761990713
18000000	19000000	-1.71511771111893	1.24577560186165	0.745283262698815
19000000	20000000	-1.15690298860784	0.86164384786198	0.928079534707235
20000000	21000000	-1.29467088637068	0.939039237481626	1.50167364591113
21000000	22000000	-1.42389913279526	0.733138267243435	2.19543191075826
22000000	23000000	-1.61453260952537	0.517573762395682	2.7517555516759
23000000	24000000	-1.54999020759025	0.449855615401497	3.37337766935358
24000000	25000000	-1.2558771597477	-0.0305452320644976	3.7172488465084
25000000	26000000	-1.45017960909321	-0.379958570441885	3.87590294755192
26000000	27000000	-1.86936330379744	-0.676995444758139	3.57753063535312
27000000	28000000	-1.86824079533614	-0.942966676521483	3.0518895531117
28000000	29000000	-2.58388633601754	-1.16985793536288	2.78324122168701
29000000	30000000	-2.2822871312912	-1.42900096222535	2.32663039232907
30000000	31000000	-1.83905389333921	-1.52374926915744	2.21168066460226
31000000	32000000	-1.42404504060581	-1.71748628318384	1.86710444945365
32000000	33000000	-1.48933002044548	-1.64003143102283	1.53984546980006
33000000	34000000	-1.36268864790816	-1.50028508291043	0.986072704166577
34000000	35000000	-1.47704877930764	-1.93033380311576	-0.316573127637854
35000000	36000000	-1.07480624219276	-2.14214356872079	-0.963824118161436
36000000	37000000	-1.12061599239122	-2.74144028424938	-0.843366298574806
37000000	38000000	-1.40960171048181	-2.77976011478203	-1.34010097757457
38000000	39000000	-1.87298561298047	-2.40805836422038	-1.56587080162332
39000000	40000000	-2.33827721597104	-1.98167050774562	-1.53698393877829
40000000	41000000	-2.68001546746814	-1.84084642890781	-1.02316079919012
41000000	42000000	-2.51414728652933	-1.18057537906288	-0.836079300060413
42000000	43000000	-1.95275142696543	-0.654759160075653	-1.39850854869571
43000000	44000000	-2.36621010370339	-0.510879503288734	-1.8065730230521
44000000	45000000	-2.5881754845304	-0.184069249365456	-2.21393398619135
45000000	46000000	-2.68810049153818	-0.501837848674604	-2.6789846164759
46000000	47000000	-2.34304721203295	-0.306788066380367	-3.04746744102431
47000000	48000000	-1.95053324424581	-0.671073141576144	-3.25369406097119
48000000	49000000	-1.76910710419958	-0.395103430555922	-2.79767604929962
49000000	50000000	-1.09416781675437	-0.616825012605187	-2.74246099414349
50000000	51000000	-0.749168344516883	-0.666008453500473	-3.26236841812449
51000000	52000000	-0.570146887377971	-0.124414374605773	-2.97557691616161
52000000	53000000	-0.248878004290072	0.426244712016817	-3.21797695684082
53000000	54000000	-0.349213704220905	0.819165835293417	-3.43361389392325
54000000	55000000	-0.433808848713315	1.32216461914261	-2.78032297605508
55000000	56000000	-0.184112009023135	1.60888617756242	-2.36046103564245
56000000	57000000	0.0423293689833041	2.03955400318538	-2.33955206973622
57000000	58000000	0.532243909385508	2.03582294639258	-1.77260701639735
58000000	59000000	0.995784113827285	1.95615455072676	-1.39872218295495
59000000	60000000	1.18001849808447	1.44125824923163	-1.34042923589461
60000000	61000000	1.26950908736174	0.993355065688352	-1.43412023987128
61000000	62000000	1.34021621308767	0.76425838949192	-2.00968199362316
62000000	63000000	1.68793776370959	0.538018966530853	-2.19629024722382
63000000	64000000	1.73100542285519	0.153998933742321	-2.7265631959314
64000000	65000000	1.47510078917196	-0.381579858759074	-2.50181714255737
65000000	66000000	1.41358278343874	-0.830568751310208	-2.89820654522969
66000000	67000000	0.970537294130518	-1.20728526464254	-2.56910067753725
67000000	68000000	1.06045113843226	-1.52100165094355	-2.03713677279725
68000000	69000000	1.52058944407779	-1.72625972945188	-1.55456629897759
69000000	70000000	1.73838548470716	-1.94462983832144	-2.07851345833673
70000000	71000000	2.13259002583328	-1.83010029514541	-1.67154768105658
71000000	72000000	2.41584464680492	-1.43017010781593	-1.99184459838946
72000000	73000000	2.68778503533721	-1.01936997138657	-1.48476127881949
73000000	74000000	3.33739205604008	-0.874890746674226	-1.27739911540152
74000000	75000000	3.86926044499435	-0.834974435397457	-1.34941739589587
75000000	76000000	3.68983045853217	-0.445721534953663	-1.22734195633858
76000000	77000000	3.74040471862361	0.00604498644700755	-0.680878401852788
77000000	78000000	3.59701163560115	0.459478662212729	-0.700299762505917
78000000	79000000	3.35661155789368	0.582874254721949	-0.27428153217217
79000000	80000000	3.00460430972147	0.550483008384495	0.311676993727744
80000000	81000000	2.93045681303681	0.310470603135006	0.660169213301395
81000000	82000000	3.12484033859932	0.257996750304184	1.06788203127906
82000000	83000000	3.53997992438696	-0.159295696639678	0.958006317458614
83000000	84000000	3.72787359117	-0.588329795668399	0.973948758728457
84000000	85000000	3.69943904583518	-1.21999148124929	0.874284123612836
85000000	86000000	3.97367726489281	-1.41259500920297	0.859912509478864
86000000	87000000	4.29301178106411	-1.77435508490616	0.916179110693899
87000000	88000000	3.91340606648383	-1.95667717690249	0.970978321198491
88000000	89000000	3.57921596883186	-2.10101061327279	0.558317184610686
89000000	90000000	3.06930263916293	-2.15186227627941	0.232325835711901
90000000	91000000	2.66716202540359	-1.94629275552785	0.24136807045723
91000000	92000000	2.46853313573301	-1.69816371451144	0.465222013837559
92000000	93000000	2.08767162584844	-1.63519743858624	0.709325424601798
93000000	94000000	1.76993470313057	-1.73126939337513	0.359474712167536
94000000	95000000	1.6821461958324	-1.46547789711064	0.794067673086787
95000000	96000000	1.39608660791232	-1.32213844648718	0.862102783431292
96000000	97000000	1.25984343063642	-1.25219237339804	0.853417275852668
