0	1000000	3.60717217607489	0.795439811617611	-1.73752144399764
1000000	2000000	3.3837105127538	0.834650261366343	-1.93935115565759
2000000	3000000	3.16599840552407	0.862307764621649	-2.21485338778553
3000000	4000000	3.06584493530661	0.561067614644034	-2.4790672622084
4000000	5000000	2.78873150321658	0.499688690097229	-2.65175268067283
5000000	6000000	2.56952732795214	0.427321050494086	-2.27336136961153
6000000	7000000	2.66124073042434	0.0372788085875049	-2.10930793473048
7000000	8000000	2.51794615605133	-0.337798283251269	-2.24381446212138
8000000	9000000	2.87726168385842	-0.527010603529407	-2.08840060049445
9000000	10000000	3.01885611027334	-0.862657857334259	-1.91708582950744
10000000	11000000	3.1377464805412	-1.17922838403501	-2.13879891412126
11000000	12000000	2.83419812394426	-1.39231726152166	-2.32336126536244
12000000	13000000	2.51438869444864	-1.35023124260699	-2.24526931968883
13000000	14000000	2.27870060044881	-1.71229661361563	-2.06060550624496
14000000	15000000	1.98693412690735	-2.00518590397966	-2.41879259305075
15000000	16000000	1.84146120938922	-2.30349239171065	-2.59796468641512
16000000	17000000	1.44455737527477	-2.61028769490552	-2.32933353970064
17000000	18000000	1.31254354413967	-2.93605770889328	-2.51492664967402
18000000	19000000	1.35813082748864	-3.15134904459878	-3.09830191734945
19000000	20000000	1.01459825696152	-2.97479626292462	-3.04011945542947
20000000	21000000	0.98218567517636	-2.86406525459473	-3.43187456436605
21000000	22000000	0.867735686990365	-2.39380793053259	-3.48032914251485
22000000	23000000	0.893816811013444	-2.04977803019665	-3.70274621037091
23000000	24000000	1.10358790043822	-1.65106324892267	-3.965701032751
24000000	25000000	0.993044595050269	-1.33664407034151	-3.78758832843697
25000000	26000000	0.912511585724796	-1.09105248628225	-3.41247357602302
26000000	27000000	0.693203541925212	-1.06465015917806	-3.09106064333112
27000000	28000000	0.278855294843506	-1.21047686169405	-3.13117191497452
28000000	29000000	-0.112134568111868	-1.32301949200555	-3.39743244076386
29000000	30000000	-0.27423865950395	-1.76817263018306	-3.2268147492352
30000000	31000000	-0.440534271188576	-2.11621963644361	-3.26383055012976
31000000	32000000	-0.318643517723275	-2.13487692602819	-2.75745180859998
32000000	33000000	-0.293087905915994	-2.36084219297055	-2.59545998394825
33000000	34000000	-0.478786032607688	-3.06462659577717	-2.82018475839955
34000000	35000000	-0.788274641183399	-3.70496497712313	-3.26371837148339
35000000	36000000	-2.30910765550848	-3.06741433047441	-2.17663674226972
36000000	37000000	-1.06164060199923	-2.05260059782706	-1.9982628090591
37000000	38000000	-1.21253330437636	-1.42197952085998	-1.77446300663814
38000000	39000000	-1.66807805246626	-1.26339786390687	-1.93820387291062
39000000	40000000	-1.75929651483061	-0.80578414485568	-2.09971760472242
40000000	41000000	-1.42315361205395	-0.603332398233097	-2.10994107221635
41000000	42000000	-1.22169945373857	-0.333663706812608	-1.83401629783494
42000000	43000000	-1.13543728954772	-0.0143990650106629	-1.91120948934543
43000000	44000000	-0.621813791326658	0.0837166673774764	-1.75701489433305
44000000	45000000	-0.332145672208924	0.19628964856237	-1.64022757035109
45000000	46000000	-0.165685932096892	0.510733278981546	-1.52842268875248
46000000	47000000	0.232044780044232	0.623950860847417	-1.57279446472464
47000000	48000000	0.448483922071422	0.935421590062911	-1.28832595934665
48000000	49000000	0.788271836111917	0.965805814010558	-1.17245883772492
49000000	50000000	0.974689592887215	0.740890746716794	-0.935221255992933
50000000	51000000	0.841125772523288	0.518462505558088	-0.871701435113185
51000000	52000000	0.737073451408237	0.364767666020616	-0.57252182572763
52000000	53000000	0.49903372685763	-0.0391614282635441	-0.337948528046797
53000000	54000000	0.139308637645243	-0.148317991530262	-0.378811219797305
54000000	55000000	-0.129863678452574	-0.26676817035815	-0.362058113746502
55000000	56000000	-0.266194557575818	-0.71656071648975	-0.381042477183032
56000000	57000000	-0.503294748289844	-1.25636773158336	-0.156280519943129
57000000	58000000	-0.681920907549058	-1.68902676260362	-0.261216998643546
58000000	59000000	-0.897541602806585	-1.94447831526556	-0.0908819439324804
59000000	60000000	-1.01158989178487	-1.49415965442545	-0.0605712423911077
60000000	61000000	-1.25611364076634	-0.956858860094441	-0.158141843573671
61000000	62000000	-1.54530269902155	-0.940989103434828	0.0888203862202946
62000000	63000000	-1.47865221489499	-0.335888467638448	0.135289318306487
63000000	64000000	-1.75618105939869	-0.219504894470193	-0.084320700743456
64000000	65000000	-2.24720593956614	-0.231134874506805	-0.109031891468713
65000000	66000000	-2.11091321123628	0.12162724243412	0.313544564008677
66000000	67000000	-2.25023295522458	0.0556333724397054	0.707719067618885
67000000	68000000	-2.59218578746147	-0.373336005940881	0.790403146757166
68000000	69000000	-2.71131204913537	-0.736462081619875	0.825525208753047
69000000	70000000	-2.43005151336344	-1.04306972045924	1.15184609558898
70000000	71000000	-2.49332152693715	-1.65766196971891	1.13538158783759
71000000	72000000	-2.20809263829833	-1.86773321558771	1.41047813816697
72000000	73000000	-1.87802784400822	-1.48284020829483	1.41717145039749
73000000	74000000	-1.3677921218209	-1.33234186848035	1.54930674536287
74000000	75000000	-1.235473732647	-1.64886790170986	1.52867921429495
75000000	76000000	-1.10420540193965	-1.90517540697536	1.94864246395692
76000000	77000000	-0.882350719640622	-1.92624743079322	2.53359381407747
77000000	78000000	-1.16894260170303	-1.57716437029259	2.57314412353832
78000000	79000000	-1.5395170520766	-1.77048220371647	2.94055798163236
79000000	80000000	-1.77162996130923	-1.42955492990399	2.83204785972425
80000000	81000000	-2.02483546954835	-1.08180235231736	2.80329315518438
81000000	82000000	-2.31650436701833	-1.05534477674836	3.03161303539958
82000000	83000000	-2.26755591215968	-0.56991585988029	3.02745522203792
83000000	84000000	-1.92587247036469	-0.033758699143386	2.63977681658639
84000000	85000000	-2.17827781620052	0.475927869841729	2.93469387241292
85000000	86000000	-1.8039573119445	0.50304956694056	2.69458620155929
86000000	87000000	-1.32813541288064	0.220248204459537	3.00111797493653
87000000	88000000	-0.950892336137267	0.234285500792512	2.86921625644794
88000000	89000000	-0.899056142316022	-0.120329277208162	3.01437393324875
89000000	90000000	-0.220892013203942	-0.320425498893705	2.92383713520261
90000000	91000000	-0.146037872091334	-0.209565034846374	2.63540325930727
91000000	92000000	0.162616666198322	-0.153558213180633	2.44001969295338
92000000	93000000	0.308046509181596	0.159035532974708	2.46466534994344
93000000	94000000	0.32459750192624	0.557090005389482	2.43867549216523
94000000	95000000	0.101550778975332	0.798125254099365	2.872923487488
95000000	96000000	-0.0440519547294267	1.10387252538802	3.24781828377535
96000000	97000000	0.37757958862203	1.07222921665583	3.28676896812938
97000000	98000000	0.630073579231563	1.29481364634335	3.6630302071841
98000000	99000000	1.07989888020621	1.23732704464683	3.30019514469432
99000000	100000000	1.23423338093352	1.08156327026106	2.89703283954835
100000000	101000000	1.61611652538651	1.05652075257743	2.6776587506195
101000000	102000000	1.51506431649081	1.20145086514924	2.30062963567806
102000000	103000000	1.60088000635982	1.38498325945635	1.95647768441947
103000000	104000000	1.87922416587271	1.67226335856782	1.81729786243195
104000000	105000000	1.60976644551182	1.96925934326378	2.01510583537948
105000000	106000000	1.66191838818086	2.34104612299375	1.71564291482981
106000000	107000000	1.47547420448256	2.24531617502646	1.41416627129518
107000000	108000000	1.20766234613539	2.02504802143825	1.14067685076524
108000000	109000000	0.976603480937771	1.92219350583935	0.936505852136647
109000000	110000000	0.686863742262865	1.91232573173951	0.943223668646092
110000000	111000000	0.467911676791878	2.03359612380196	1.07717868348647
111000000	112000000	0.117551037846435	2.12835811575322	1.52442981834447
112000000	113000000	-0.259630327232611	2.2575339379156	1.93940277910008
113000000	114000000	-0.18420698910128	2.59290409386972	2.06186397542038
114000000	115000000	0.198917522809538	2.58852429661695	1.97289145128828
115000000	116000000	0.254816993938996	2.81734304183179	1.59756274040708
116000000	117000000	0.472251911139796	3.05614368986917	1.43288739436512
117000000	118000000	0.535808212142722	3.00134110635643	1.02514838346405
118000000	119000000	0.642629156807784	2.86978207375337	0.271457698093512
119000000	120000000	0.500472835883677	2.75105773383313	0.171327053527463
120000000	121000000	0.234179092597345	2.75380238235444	0.0754073386208497
121000000	122000000	0.0283250303065363	2.67373777851103	0.157230785639015
122000000	123000000	-0.126746683389381	2.60961676712668	0.384042186640627
123000000	124000000	-0.921179070473326	3.19760914174392	1.64449240113073
124000000	125000000	-1.30990067847332	3.34576562744962	1.66785586231074
125000000	126000000	-1.48231430456399	3.26163743047151	1.91133762517311
126000000	127000000	-1.36878435810479	2.8081455929797	1.75649180069075
127000000	128000000	-1.57375715042646	2.72909624723742	1.57857219743473
128000000	129000000	-1.27019151962568	2.89872282514452	1.32873373539106
129000000	130000000	-0.973075618240396	2.64952545620915	1.10713139601138
130000000	131000000	-0.912675401778271	2.49593678754849	0.880695757999427
131000000	132000000	-1.04282285555065	2.45118695087406	0.759099470497045
