0	1000000	0.377424592113034	3.39337376747114	1.57141762147901
1000000	2000000	-0.410225156872235	3.16269583273533	1.9518476401081
2000000	3000000	-0.813035003342652	3.30161839994352	1.86258110018791
3000000	4000000	-0.898864186646525	4.02139418781789	1.97430977593267
4000000	5000000	-1.09418261958701	3.74440950165279	1.67259516136565
5000000	6000000	-1.44152362914098	3.60508636906929	2.22876264015928
6000000	7000000	-1.84844213774747	3.57914530766463	2.70035774850286
7000000	8000000	-2.37703284953337	3.3030907755203	2.69099791096444
8000000	9000000	-2.38644495439038	2.93524653856897	3.01097931260788
9000000	10000000	-2.72475256645006	2.82026061264321	2.97190019698704
10000000	11000000	-3.13468121258889	2.76450858949829	2.74431520675604
11000000	12000000	-3.26233799179305	2.24431977378013	2.59340561986786
12000000	13000000	-3.33604390371568	2.04526948367214	2.17067182690637
13000000	14000000	-3.27069216923427	1.60031758711183	1.80896622497149
14000000	15000000	-3.19301459576259	1.32911624042772	1.34010172955679
15000000	16000000	-3.07833373009147	1.30944664336052	0.947161702368571
16000000	17000000	-2.78646770800556	1.56998560815079	0.701924031213658
17000000	18000000	-2.26440500167135	1.29222774390177	0.608751751783936
18000000	19000000	-1.69142558662561	1.31537542325648	0.79585772857524
19000000	20000000	-1.23461841284135	0.896119574102293	0.85126041424267
20000000	21000000	-1.34095829804216	0.931838636377292	1.44164789734701
21000000	22000000	-1.4321711108457	0.791314523539964	2.25784842900213
22000000	23000000	-1.47334354025056	0.461742232175975	2.6629623573188
23000000	24000000	-1.54222228758219	0.431339837998764	3.30658318184822
24000000	25000000	-1.27379764082416	0.00119710979910542	3.66673135227323
25000000	26000000	-1.46760566951027	-0.43087548038082	3.81386221413507
26000000	27000000	-1.8489085280816	-0.601957766574128	3.49770979172249
27000000	28000000	-1.9128475522181	-0.970334237901007	3.08689517452233
28000000	29000000	-2.42530549196898	-1.14521413704415	2.80506145076584
29000000	30000000	-2.28288762304119	-1.40145096178319	2.26540692627642
30000000	31000000	-1.83071431949897	-1.51008558702353	2.29882409755782
31000000	32000000	-1.33912085794081	-1.65308736899535	1.86110298368901
32000000	33000000	-1.53184931503453	-1.70037380225658	1.50678584409894
33000000	34000000	-1.41589637015775	-1.4454497633133	1.15212000709493
34000000	35000000	-1.40667332641742	-1.84008132798653	-0.339236488011735
35000000	36000000	-1.10829435191281	-2.14735748244389	-0.926266743602802
36000000	37000000	-1.08162266641813	-2.72383224828044	-0.856033420798638
37000000	38000000	-1.40980181119507	-2.74400741505835	-1.31474742933054
38000000	39000000	-1.87368727489495	-2.39058259860906	-1.49744352918567
39000000	40000000	-2.39577460772779	-2.11644657055915	-1.52468673146247
40000000	41000000	-2.64793520886377	-1.84641393864673	-1.10679953450432
41000000	42000000	-2.47113648665381	-1.22845991137048	-0.839591867786354
42000000	43000000	-1.94679652895955	-0.765247637159619	-1.3359013184445
43000000	44000000	-2.36596781068942	-0.473309803565964	-1.85918087406007
44000000	45000000	-2.66905506255576	-0.125338967253534	-2.16638929060096
45000000	46000000	-2.5833324086056	-0.582741400081822	-2.68064355343841
46000000	47000000	-2.35204018036574	-0.327564235475986	-3.15699694630718
47000000	48000000	-1.93476172667986	-0.701540943424493	-3.16046811437723
48000000	49000000	-1.84380897942202	-0.420256636482011	-2.77799602051057
49000000	50000000	-1.06920560800641	-0.662854383472539	-2.79007384779807
50000000	51000000	-0.6385894289647	-0.645193404712768	-3.24524149822755
51000000	52000000	-0.646608845876222	-0.0900360721378584	-3.10190158307982
52000000	53000000	-0.246656485572649	0.447201926492828	-3.23548614834734
53000000	54000000	-0.239704985432883	0.859940676947902	-3.2912478383256
54000000	55000000	-0.327850865424649	1.27041913007215	-2.71513396858296
55000000	56000000	-0.104579996119798	1.67142869743695	-2.45500366895096
56000000	57000000	0.067738997794386	2.03708044371723	-2.31851918682469
57000000	58000000	0.562082424793977	2.04441695649435	-1.71304609106044
58000000	59000000	0.962442212279558	1.84004206607374	-1.38783894917754
59000000	60000000	1.12758190974343	1.40292545862802	-1.32173196552377
60000000	61000000	1.24159463276615	0.968954841755665	-1.30791732159113
61000000	62000000	1.45046317858191	0.7466516391343	-1.97070756408755
62000000	63000000	1.75481632498317	0.469926302471384	-2.31146734045789
63000000	64000000	1.63987909560211	0.155946331057311	-2.78091255799558
64000000	65000000	1.58854006054519	-0.44750160628069	-2.53043265096108
65000000	66000000	1.41221784730101	-0.744998605749487	-2.89482331896938
66000000	67000000	1.00072372138599	-1.23254338013476	-2.56409087119258
67000000	68000000	1.02332134727965	-1.41869293062906	-1.93030837003927
68000000	69000000	1.4349487906011	-1.71224346053965	-1.45857948080353
69000000	70000000	1.70031532135443	-1.97616833226954	-2.04273471162534
70000000	71000000	2.11325010258519	-1.83259394131704	-1.65377736608358
71000000	72000000	2.38308357785803	-1.50432343204009	-1.97258300215003
72000000	73000000	2.69689850358265	-0.897376029571259	-1.58960588784251
73000000	74000000	3.262080347929	-0.833444990258969	-1.21928039682468
74000000	75000000	3.84317894096122	-0.820446428789187	-1.25644288651128
75000000	76000000	3.73423799330541	-0.382922929975517	-1.23771007430608
76000000	77000000	3.6816500392334	-0.0206534701171843	-0.649090677236213
77000000	78000000	3.50744777771068	0.464026148498074	-0.673854594698303
78000000	79000000	3.39342520570245	0.578123546720518	-0.218126234264875
79000000	80000000	2.94483250690767	0.569696471890573	0.266510615866637
80000000	81000000	2.91602616497704	0.362768091977886	0.623562305200405
81000000	82000000	3.18353806283616	0.225710213185933	1.03517536224796
82000000	83000000	3.50827650451034	-0.0787193470163642	0.908587418859005
83000000	84000000	3.73255597080085	-0.643339590378368	0.970472542509099
84000000	85000000	3.60880473583412	-1.2050735970188	0.971883041307575
85000000	86000000	3.89535851682398	-1.37908151539406	0.92388897630953
86000000	87000000	4.27892057929995	-1.73272567543499	0.809265896058977
87000000	88000000	3.91501654353308	-1.98797619460905	0.938904624665362
88000000	89000000	3.57715111421873	-2.15005517180054	0.57708809609167
89000000	90000000	3.02166514409157	-2.22097422248297	0.303543359281727
90000000	91000000	2.63813310186304	-1.99386068500146	0.235318978176388
91000000	92000000	2.36667830259313	-1.77214800164164	0.433644685592478
92000000	93000000	2.05844073827306	-1.59861275588313	0.726893206619351
93000000	94000000	1.74353846386353	-1.76251396084551	0.373207019112272
94000000	95000000	1.6680134160221	-1.40940116570951	0.802971224724047
95000000	96000000	1.40878629868589	-1.25574006678334	0.879920027808661
96000000	97000000	1.30295755666909	-1.26147367312951	0.777507483340244
