0	1000000	3.44048613947013	0.819831434183597	-1.90399272379245
1000000	2000000	3.20752914308077	0.783843995891004	-2.09352077077549
2000000	3000000	2.92783396542026	0.744684767505626	-2.26247814923019
3000000	4000000	2.71060074561508	0.451042518790557	-2.26837622616459
4000000	5000000	2.55393508419737	0.241698151446161	-2.41434575334704
5000000	6000000	2.11974517713488	0.408986079014636	-2.13934378229262
6000000	7000000	2.21257284110925	-0.0465955307470203	-2.04006388743675
7000000	8000000	2.31527478598575	-0.238511241917145	-1.7475267979072
8000000	9000000	2.48337304798598	-0.434470238593093	-1.47215581222325
9000000	10000000	2.65324520036249	-0.75134660057518	-1.40459613789213
10000000	11000000	2.64784100496664	-1.08286112710258	-1.60111264205422
11000000	12000000	2.56858973816688	-1.39744426212436	-1.8722375771665
12000000	13000000	2.40145175265664	-1.21476963171858	-2.07608990081484
13000000	14000000	1.97312980706676	-1.51313843838882	-1.93374881542955
14000000	15000000	1.64251864585731	-1.70538674444086	-2.17896461430978
15000000	16000000	1.37144065866708	-1.82660265851007	-2.30580879957849
16000000	17000000	1.35771562259772	-2.38042098467236	-2.27942912544132
17000000	18000000	1.09856414760346	-2.61759143456376	-2.31545500581037
18000000	19000000	1.25602287819516	-2.8950189181773	-2.83004526299892
19000000	20000000	0.842246594084733	-2.77021881246149	-2.72438397115344
20000000	21000000	0.880780831473222	-2.69863334486712	-3.04729242618699
21000000	22000000	0.873787453176801	-2.25818653472184	-3.22585314336878
22000000	23000000	0.932250118043937	-1.85581803343703	-3.21466190047874
23000000	24000000	0.946380087533149	-1.50536906403035	-3.61424757974099
24000000	25000000	0.995599775512326	-1.2217824395119	-3.43869260771752
25000000	26000000	0.780823263570181	-0.934456522846093	-3.17209038454691
26000000	27000000	0.542486574767148	-0.934897489123938	-2.97062665209595
27000000	28000000	0.194010955300591	-1.1391961751642	-2.81643236819808
28000000	29000000	-0.189873040381844	-1.31139945824163	-3.08280061729205
29000000	30000000	-0.0656049084557429	-1.77052911296087	-3.0798125581288
30000000	31000000	-0.379154689786345	-1.91729110175694	-2.93605836690986
31000000	32000000	-0.116486334511385	-1.88243068715029	-2.41284663912024
32000000	33000000	-0.0665176016210208	-2.09976141229394	-2.37769284760109
33000000	34000000	-0.410634674735724	-2.61078223155102	-2.62434603682242
34000000	35000000	-0.78737704658068	-3.79513554021087	-3.1586363541798
35000000	36000000	-2.17571486712627	-2.74022799365921	-1.91883905191623
36000000	37000000	-1.063532799112	-1.96256342386768	-1.52963695317426
37000000	38000000	-1.10210033135376	-1.54553150488632	-1.85019179919183
38000000	39000000	-1.17189764568285	-1.01413260013284	-1.79436752378598
39000000	40000000	-1.48897293803275	-0.666342269966229	-1.70160220239498
40000000	41000000	-1.34871106241104	-0.448161183026021	-1.95960391324546
41000000	42000000	-1.4113974230401	-0.124951790475579	-1.7815993079982
42000000	43000000	-1.12142892151036	0.0802729414199643	-1.65493341409155
43000000	44000000	-0.721562221614991	0.263976007755281	-1.49878541668301
44000000	45000000	-0.470536763481561	0.384629160044002	-1.4152295155378
45000000	46000000	-0.258088306586691	0.660938041212413	-1.36359659562925
46000000	47000000	0.0708616092823561	0.825930452354402	-1.35107897999339
47000000	48000000	0.411173085328839	0.908153744427555	-1.1973717091865
48000000	49000000	0.679619700775718	0.874248927268347	-1.11678461048074
49000000	50000000	0.855188148051106	0.645754817997975	-0.977230185598229
50000000	51000000	0.916447413818686	0.44482438566617	-0.82908570706046
51000000	52000000	0.673633490624711	0.374185185895098	-0.446240621071416
52000000	53000000	0.606930367895646	0.0725750268326667	-0.377428290231516
53000000	54000000	0.276310355921065	-0.0237840336691446	-0.317060363817924
54000000	55000000	0.0167058495985393	-0.20464895669496	-0.285532244166315
55000000	56000000	-0.232690353400525	-0.565264753176526	-0.179723275025529
56000000	57000000	-0.348116305761033	-1.09471087087148	-0.111687109605935
57000000	58000000	-0.610946094470094	-1.73536795311269	0.0190221743575654
58000000	59000000	-0.977968786172401	-1.79869609340236	0.0366225369718121
59000000	60000000	-0.887194581475078	-1.37251251915366	0.0303128887204095
60000000	61000000	-1.02953780389022	-0.887662779222529	0.0193774905396527
61000000	62000000	-1.25836725766355	-0.767828157658874	-0.213833581046232
62000000	63000000	-1.30525830929895	-0.258204343763789	-0.0102861851015503
63000000	64000000	-1.63001034244785	-0.346996657456881	-0.205302742318396
64000000	65000000	-2.07187578996173	-0.361044031286662	-0.112424137580562
65000000	66000000	-2.03112898855895	-0.0877824440564565	0.25008618370802
66000000	67000000	-1.98405906819097	0.116545809765132	0.624764464446023
67000000	68000000	-2.23813124879071	-0.232937263956218	0.85531005123372
68000000	69000000	-2.4423058299274	-0.565598318214265	0.737033871052901
69000000	70000000	-2.19897648535068	-1.02132494972934	0.866598187138658
70000000	71000000	-2.37864713276031	-1.40609440922785	1.21880747350313
71000000	72000000	-2.1333898045839	-1.67808656455639	1.28199713431706
72000000	73000000	-1.80883723463461	-1.40831649088403	1.31855730490064
73000000	74000000	-1.40373284868532	-1.13742996008256	1.2786125225738
74000000	75000000	-1.28966564573979	-1.3466548260675	1.54298854029821
75000000	76000000	-1.12919282734516	-1.74693164506622	1.77981669853257
76000000	77000000	-0.769066505891806	-1.7567675877351	2.08542459088889
77000000	78000000	-0.961707730219248	-1.52457994615764	2.36829616748528
78000000	79000000	-1.20635655491869	-1.76702252575744	2.73626913583256
79000000	80000000	-1.5877532876263	-1.59246403508453	2.68085188977053
80000000	81000000	-1.72613641456082	-1.17984008364293	2.82638046034123
81000000	82000000	-2.06974541514824	-1.01549841384225	2.72510778503063
82000000	83000000	-1.9077944388568	-0.641722301362557	2.6986887132063
83000000	84000000	-1.75663034199102	-0.153030204238081	2.32021077850286
84000000	85000000	-2.14029281211389	0.338648048255672	2.49748723996826
85000000	86000000	-1.83579438640966	0.153508591947075	2.72058540479824
86000000	87000000	-1.29172695316505	0.272704794687977	2.45183147940393
87000000	88000000	-0.997726087769588	0.204864963546686	2.65678470981448
88000000	89000000	-0.833767075203908	-0.0836358781446341	2.7921715276297
89000000	90000000	-0.28370268678742	-0.28088131144615	2.63374561436151
90000000	91000000	-0.167018874753501	-0.110744367514723	2.39644822743577
91000000	92000000	0.0201174648478611	-0.0721709088437211	2.14104554411537
92000000	93000000	0.245593134749274	0.16118698920754	2.2278087970977
93000000	94000000	0.339250570771233	0.517652896227647	2.22430195346783
94000000	95000000	0.183477661384535	0.816990755263505	2.41513348237205
95000000	96000000	0.0895355048267813	1.0919622073485	2.65286638869241
96000000	97000000	0.47230653170287	0.809080567085737	2.86025230273708
97000000	98000000	0.585793911202505	1.05061908215327	3.19537744965646
98000000	99000000	0.935163705472608	1.40176326361999	3.02823037627912
99000000	100000000	1.21844698337401	1.26557912534842	2.70013123655096
100000000	101000000	1.55101651124092	1.16690270045282	2.53915475156349
101000000	102000000	1.39696262816908	1.30876798363615	2.1811695657473
102000000	103000000	1.38579163180221	1.21635077830667	1.82506873434834
103000000	104000000	1.69334828540374	1.34881796545126	1.5897403061898
104000000	105000000	1.69292135485805	1.76209129726534	1.71208812008613
105000000	106000000	1.71054762159356	2.07983720274515	1.36289653414769
106000000	107000000	1.53192399209278	1.96127373965519	1.14677928919569
107000000	108000000	1.20408171852302	1.87895062480121	0.938222306420244
108000000	109000000	1.00137012508135	1.72324369163216	0.78671156302509
109000000	110000000	0.785185163329297	1.69244067560824	0.948208107636234
110000000	111000000	0.615594598946543	1.7343994144532	1.15207468986124
111000000	112000000	0.273970710269872	1.96915288999288	1.32060497916706
112000000	113000000	-0.174041922727119	2.00553589009724	1.78039827137392
113000000	114000000	-0.0786107744610172	2.29692507327551	1.97745238208667
114000000	115000000	0.256982738838296	2.41554157825369	1.61670461994249
115000000	116000000	0.188702418146556	2.71014233258606	1.43646998701816
116000000	117000000	0.194349288879171	2.72843100744312	1.10224989536611
117000000	118000000	0.444624808295443	2.65243194102591	0.894682461179305
118000000	119000000	0.588694919409382	2.57437171469387	0.226807312139708
119000000	120000000	0.452349757240728	2.45275346877786	0.119571046975506
120000000	121000000	0.223803635292638	2.35913692952053	0.0744615381752523
121000000	122000000	-0.0059668560347012	2.33337880202107	0.126235649763253
122000000	123000000	-0.192176920387014	2.31056248164328	0.289236365559386
123000000	124000000	-0.777719532099674	2.77747238198441	1.67163850484842
124000000	125000000	-1.10183170039497	2.97179761854187	1.7803631300274
125000000	126000000	-1.19228552571178	2.64518442894248	1.92621707273862
126000000	127000000	-1.33079943863634	2.52537891653632	1.54336600296567
127000000	128000000	-1.50966602079444	2.67057509387136	1.42824116096667
128000000	129000000	-1.17381602124614	2.77780874718219	1.2525064888442
129000000	130000000	-0.962623028076146	2.38837354962688	1.08533799602667
130000000	131000000	-0.945964373469107	2.41009247359056	0.835456043667335
131000000	132000000	-0.998667442053966	2.50338599717759	0.669768019354277
