0	1000000	1.55353806168934	-1.59120971568667	-0.363526890203559
1000000	2000000	1.55441351033461	-1.60528045654848	-0.565535824271211
2000000	3000000	1.55413131150572	-1.54048791986622	-0.817579701294522
3000000	4000000	1.59718462723766	-1.25753400099483	-1.04000993515027
4000000	5000000	1.70028725201494	-0.91565953327081	-1.22601337803701
5000000	6000000	1.81516205881588	-0.594330429931995	-1.33343935937691
6000000	7000000	1.66079352731035	-0.652433614125167	-1.77518477152526
7000000	8000000	1.76191760792474	-0.509535839983147	-2.08530839167633
8000000	9000000	1.45807544585028	-0.948131333330315	-2.349902676616
9000000	10000000	1.2695593980631	-1.22638658706567	-2.3916470314157
10000000	11000000	1.18042065396505	-1.35472004817542	-2.68127094789696
11000000	12000000	1.01392159662193	-1.39134951189355	-3.02052807577049
12000000	13000000	0.889019931709738	-0.987548893386615	-3.16612542706111
13000000	14000000	0.732617995853669	-0.60967510899357	-3.09060090500377
14000000	15000000	0.812201935781368	-0.0800213694509203	-2.95009976097506
15000000	16000000	0.433442740338454	0.30054871976814	-2.99013567721256
16000000	17000000	0.225175616157645	0.371418485916078	-2.74012925268637
17000000	18000000	0.133322132680287	-0.13512291733096	-2.31598358754674
18000000	19000000	-0.0220909932593336	-0.498397049146188	-2.35860366817257
19000000	20000000	-0.165628436890537	-0.480385571220918	-2.83596968345865
20000000	21000000	-0.486327880827068	-0.284867930993559	-3.15173289772977
21000000	22000000	-0.657731901817887	-0.0709692004616768	-3.61031240868944
22000000	23000000	-0.961477689121915	-0.386699397278854	-3.50062450796011
23000000	24000000	-1.16856637463519	-0.805097127155315	-3.84054767397719
24000000	25000000	-1.43229893954355	-1.04096500272235	-3.96332144333307
25000000	26000000	-1.69603347758457	-0.763533218000759	-3.73034438245891
26000000	27000000	-1.6742825906044	-0.265466670908422	-3.57474757804698
27000000	28000000	-1.91792760001075	-0.0417919876097975	-3.28491754349272
28000000	29000000	-2.23497713126768	0.0870037724996188	-3.03321573169684
29000000	30000000	-2.38714178074452	-0.34049000805741	-2.82684388934616
30000000	31000000	-2.09483424516596	-0.197107059983075	-2.43312312336235
31000000	32000000	-1.84301375474388	0.00894330141527682	-1.84653411965753
32000000	33000000	-1.40866755185257	-0.29451532873174	-1.78019266069652
33000000	34000000	-1.10349149436089	-0.479416826655678	-1.68269830624723
34000000	35000000	-1.14577026432847	-0.79756579995134	-1.53172092871173
35000000	36000000	-1.18513232264132	-1.07244720275734	-1.58135448463248
36000000	37000000	-1.40348940148021	-1.15798331595937	-2.058958147359
37000000	38000000	-1.99697412396249	-1.57600482596257	-2.37595782660545
38000000	39000000	-2.36548478197692	-1.88416220400227	-2.44180909495431
39000000	40000000	-2.28455876765542	-1.99338682752383	-2.80687116413821
40000000	41000000	-1.89903908032036	-2.2182707559667	-2.59105835869304
41000000	42000000	-1.51464950638042	-2.30187114969122	-2.81942983874296
42000000	43000000	-1.25389187094096	-2.26661169381389	-2.50522221738921
43000000	44000000	-0.90643479837771	-1.94603670092274	-2.06267172855083
44000000	45000000	-0.581024594596898	-1.83975763172799	-1.55377775386137
45000000	46000000	-0.315544237787158	-1.75631497327267	-1.38190126256075
46000000	47000000	-0.274877324366321	-1.71086015985623	-0.934150285093061
47000000	48000000	-0.444828986627543	-1.57113798062958	-0.854907482955453
48000000	49000000	-1.73480572990897	-3.3159924529337	-1.47436791307631
49000000	50000000	-2.10328727874729	-3.15197094107928	-1.87897863257124
50000000	51000000	-2.492031478398	-3.49690324686118	-1.80107424081617
51000000	52000000	-2.47292801319183	-4.33813273231464	-0.255404460398514
52000000	53000000	-2.87795687738745	-3.66266626287969	-0.196480425188769
53000000	54000000	-2.00798606597852	-2.71781595325065	-0.555023525602289
54000000	55000000	-1.59251699167668	-2.71519923290861	-0.301014125307157
55000000	56000000	-1.20724998015904	-2.45387348930325	-0.103238956849802
56000000	57000000	-1.10877179949414	-2.2760132287338	0.27610455292384
57000000	58000000	-0.621651437361147	-2.09122405897473	0.478803168652547
58000000	59000000	-0.298433000282748	-2.19278932135503	0.665453354171677
59000000	60000000	0.187991890463686	-2.18415103361987	0.868170445635581
60000000	61000000	0.350188442467985	-2.38314979156396	0.929742418683133
61000000	62000000	0.557797633446882	-2.46389607349378	0.993035292848251
62000000	63000000	0.778344979894016	-2.56910694862128	1.14423858424933
63000000	64000000	0.925701462355309	-2.58701151279263	1.26342875537696
64000000	65000000	1.06300382396912	-2.48083192867777	1.41409030063874
65000000	66000000	1.1094127037556	-2.2242417239932	1.44994170047755
66000000	67000000	1.2974655389953	-2.00705216059996	1.71920457440119
67000000	68000000	1.26042116736523	-1.77738982295103	1.82461386631478
68000000	69000000	1.1815671874625	-1.53291512767043	2.00787689491362
69000000	70000000	0.739530650467772	-1.51638050077982	1.80815927674007
70000000	71000000	0.496201896892951	-1.44230916098721	1.98509265643818
71000000	72000000	0.230580315566912	-1.32960668863946	1.82609724423781
72000000	73000000	0.087370267357189	-1.07473758102532	1.71571241210668
73000000	74000000	-0.0507519390401672	-0.743031932689343	1.73683379386836
74000000	75000000	-0.313188583404578	-0.514680705288192	1.5822194462057
75000000	76000000	-0.28008311798408	-0.136500492778167	1.50801324580685
76000000	77000000	-0.753185488585885	0.297481611003362	1.27105461115128
77000000	78000000	-1.29026895785078	0.750811038793437	1.43600428469745
78000000	79000000	-1.59135604406487	0.875472722745771	1.27551785987782
79000000	80000000	-1.36832375718633	1.38257419635761	1.1196679938675
80000000	81000000	-1.32100053005172	1.23187360728869	0.627982096013388
81000000	82000000	-1.47734523433351	1.44869737135828	0.415152630397038
82000000	83000000	-0.957306622686718	1.48153959180828	0.062014813823143
83000000	84000000	-0.589962484872033	1.15768711065298	0.313522687896543
84000000	85000000	-0.532127058100488	1.55251473006557	0.402147251152235
85000000	86000000	-0.265659826487539	1.83367548103717	0.0796144229440857
86000000	87000000	-0.358535676821547	2.27674566876814	0.109157234992088
87000000	88000000	-0.430517378978009	2.82782848493956	0.125423202185123
88000000	89000000	-0.631453328240283	3.10476161494569	0.032175844559714
89000000	90000000	-1.16500539975543	3.05498586008576	0.105337296668789
90000000	91000000	-1.10239285197996	2.95779391198322	0.461630384206684
91000000	92000000	-1.0696959415185	2.82250720110982	0.922913304051735
92000000	93000000	-0.870057444052624	2.72978402669503	1.28823878828742
93000000	94000000	-0.611203874119232	2.84163095992423	1.36840150478055
94000000	95000000	-0.411459757795554	3.34259610753069	1.15804715333447
95000000	96000000	-0.183985649667263	3.63205126837164	0.788954828521135
96000000	97000000	0.0262557133149863	3.68641117291818	1.22585936822273
97000000	98000000	0.321434090262795	3.38025945997265	1.45061834003116
98000000	99000000	0.387174980237257	3.34750452339138	1.87105241869338
99000000	100000000	0.141893419037787	2.85481012920778	2.01757279436616
100000000	101000000	-0.000983181360696539	3.13519135144401	2.23085135375856
101000000	102000000	-0.324682073991681	3.24661760287481	2.65561414963455
102000000	103000000	-0.63433703478215	2.90681428474524	2.78015691030236
103000000	104000000	-0.826697556533717	2.5770871668012	2.64253121232598
104000000	105000000	-0.715786332233117	2.15328934237037	2.58130233925632
105000000	106000000	-0.469084347537403	1.88926534325972	2.82529217450191
106000000	107000000	-0.394628429598023	1.60988710866032	3.16462728686008
107000000	108000000	-0.0444028350150712	1.49877048146605	2.97546845798678
108000000	109000000	-0.00850822275182291	1.16523433636236	2.99704479282409
109000000	110000000	0.241646153016748	1.01925265478727	2.63702553150313
110000000	111000000	0.52283604689995	1.17839827720099	2.3831901891697
111000000	112000000	0.927991904193987	1.3561185219488	2.32292871277832
112000000	113000000	1.41655474823275	0.882834128128051	2.8519043462585
113000000	114000000	1.41684633074184	0.599703829550875	2.62681090169044
114000000	115000000	1.49055419428632	0.116658265558271	2.29223989237186
115000000	116000000	1.49002116850935	-0.158962600490823	2.03598907155553
116000000	117000000	1.77428302294547	-0.112198276245243	1.96356201312589
117000000	118000000	2.00780908760515	0.10409714943796	1.76172012225454
118000000	119000000	2.2814153822027	0.26507188323543	1.74042344046664
119000000	120000000	2.64799435635237	0.534911020836398	1.65418580995093
120000000	121000000	2.44742896996059	0.913844941623284	1.71463189407683
121000000	122000000	2.26701659099403	1.04699928164319	1.19975736155043
122000000	123000000	1.85131437110799	1.15988728569882	1.34899966689685
123000000	124000000	1.84710108861903	1.4933238265606	1.20805194192483
124000000	125000000	2.25699076866158	1.79231992582476	1.25539542273713
125000000	126000000	1.93201327749189	2.22973894477096	1.23250210488371
126000000	127000000	1.91740501018289	2.39145964136233	1.48402693851287
127000000	128000000	2.43924680060137	2.37819791534673	1.46698335705797
128000000	129000000	2.40910169238254	2.61184710585179	1.85377842638421
129000000	130000000	2.81457600654984	2.35369524177429	1.9713060151192
130000000	131000000	2.78706726946088	2.3721658740215	2.36993026724632
131000000	132000000	2.33978942605015	2.36796959716203	2.46920403960907
132000000	133000000	2.37326228362206	2.10171140363739	2.599794822116
