0	1000000	1.80405235017446	0.965095154775433	2.43567082632301
1000000	2000000	2.24721043755082	1.15857194420715	2.71992587172682
2000000	3000000	2.22509031344344	1.64379051786075	3.08994306341397
3000000	4000000	1.53984061489856	1.54818224331544	3.04163730028485
4000000	5000000	1.79481817572837	0.91156687568617	3.60023475114147
5000000	6000000	2.10287141009185	1.22457836241715	4.10365607844941
6000000	7000000	1.43138674206279	1.45952381257507	3.92863191273394
7000000	8000000	0.896421215435455	2.24796478429298	3.71436327499224
8000000	9000000	0.591152646144863	2.58353026109086	3.67020209064058
9000000	10000000	0.00212636440617543	2.86279704784673	3.46852538335168
10000000	11000000	-0.471988641311671	2.59926888071987	3.42777895849066
11000000	12000000	-0.395555775308951	2.05433634289143	3.13558372185455
12000000	13000000	-1.06023647167491	1.87410687853776	3.22992798112637
13000000	14000000	-0.896513919909651	1.45778521064536	3.85617607277498
14000000	15000000	-1.06737211223064	1.00938500334674	3.5272466686537
15000000	16000000	-0.225266043854116	1.0457499975419	3.64702894523064
16000000	17000000	-0.134345095918	1.02390250447027	2.93041189156446
17000000	18000000	0.429225844020908	0.559861775037489	3.1084765318972
18000000	19000000	0.550757489992253	0.66618497596909	2.36524794218966
19000000	20000000	0.254319331022546	0.86587327314531	1.89563454097768
20000000	21000000	0.243905406000648	1.54718056625024	1.57748098479474
21000000	22000000	0.67531104346275	1.70361440785447	2.24280796399965
22000000	23000000	1.05619101554962	2.13250809485264	2.02768965308484
23000000	24000000	0.0291482027917979	2.27980614279309	1.55698260612113
24000000	25000000	-0.630226481400223	2.55826793052474	1.56743155929685
25000000	26000000	-0.873044421907399	2.97973886168881	1.32105009491976
26000000	27000000	-1.24049647589519	3.28911631080169	1.5971978511769
27000000	28000000	-0.832447925031642	3.89768891617966	1.45061136282243
28000000	29000000	-0.85328477502283	3.94633061562749	2.02537727179961
29000000	30000000	-0.240832213575575	4.18581824390335	2.26935037106669
30000000	31000000	0.300502865473988	3.59702272370588	2.43297596440134
31000000	32000000	0.697301509628549	3.99833017351773	2.09572970768523
32000000	33000000	1.08979059396538	3.77504916202044	1.66819872269148
33000000	34000000	1.58653302746273	3.361344726653	2.05550735664434
34000000	35000000	2.20723104156459	2.85836659475923	1.91891832295832
35000000	36000000	2.06903332536337	2.40639736362876	1.44423432275153
36000000	37000000	1.58788003996375	2.87981244974323	1.22857960054404
37000000	38000000	0.865668419749407	3.43897944979454	0.794859904236991
38000000	39000000	0.482417823815967	3.11953867115304	0.586981778054484
39000000	40000000	0.810710292760567	2.41140284422899	0.228415014043828
40000000	41000000	0.319207095862079	1.90354943877367	-0.0963224281058795
41000000	42000000	0.261349242739094	2.34944703453527	-0.603517118989441
42000000	43000000	0.08013817932852	3.13211346242601	-0.439107043987192
43000000	44000000	-0.393165244105334	3.60107462529411	-0.60763166106482
44000000	45000000	-0.477766248063593	4.33490377654144	-0.560469157544124
45000000	46000000	0.245467491945188	4.36494366526524	-0.766668231570313
46000000	47000000	0.544051042998608	4.50373136998914	-0.225363223354497
47000000	48000000	1.07354171465673	3.95776557722315	-0.356301360468982
48000000	49000000	1.47101895398985	3.44477746858743	-0.449847995464028
49000000	50000000	2.16307381119084	2.54853398927532	-0.115797151291624
50000000	51000000	2.65147956400086	2.27665070216759	0.290871889410544
51000000	52000000	3.30687346149766	2.33199133914002	0.918663195265769
52000000	53000000	3.7562448262178	2.59786562602962	0.370588893329513
53000000	54000000	3.32099059058152	3.28769565785493	0.393557670305475
54000000	55000000	2.48411083346869	3.78538341074034	0.154472153128921
55000000	56000000	2.59991770658912	3.69036850920992	-0.468482028279396
56000000	57000000	3.47788214032024	3.38699214065635	-0.727951268254328
57000000	58000000	3.00281263779475	3.06792499881792	-1.20986757140448
58000000	59000000	3.02887206334738	2.42880806066096	-1.44113151538806
59000000	60000000	3.02590046950619	2.79585018189356	-2.03039945920324
60000000	61000000	2.34435273796015	2.92039966839559	-2.05593006292305
61000000	62000000	1.52007767676274	2.4830120647649	-1.72101331077797
62000000	63000000	1.25377533860974	3.16204581145954	-1.89424260156038
63000000	64000000	1.26852964174829	3.43147175702411	-2.53837413665926
64000000	65000000	1.22155424725482	2.699819206652	-2.68062598865075
65000000	66000000	0.617522749467424	2.82141970274715	-2.75887014028452
66000000	67000000	0.454733055971512	3.03576609107832	-3.61654426505379
67000000	68000000	-0.185796619891941	2.86868354394575	-3.38547442675758
68000000	69000000	-0.0306591397005853	2.06229613692711	-3.17841431706824
69000000	70000000	0.392479848075117	1.8796929063059	-2.79660136436462
70000000	71000000	0.355614070204427	1.24612157735436	-3.05475999887608
71000000	72000000	0.53550956883964	1.10217022217066	-3.87760268570726
72000000	73000000	1.03294099546454	1.35550805341446	-4.26103234633575
73000000	74000000	1.55454080783915	1.35455054145853	-3.54824740553599
74000000	75000000	1.44725767382251	1.00245533430637	-3.0193490293734
75000000	76000000	1.71655130100722	0.332643914111961	-3.11490546843842
76000000	77000000	2.05321629699138	-0.13173562729781	-3.48940811615858
77000000	78000000	2.26212387922336	-0.803206826786984	-3.1689309248316
78000000	79000000	2.83370501862446	-0.323774062621699	-3.24684095634203
79000000	80000000	3.12384714167181	-1.01732372328044	-2.95430051352141
80000000	81000000	3.14466782135341	-0.803834974783306	-2.16332960845218
81000000	82000000	2.61638945089403	-0.175860312085381	-1.96874807939155
82000000	83000000	3.7356139253609	-0.174459398575983	-2.35094852860598
83000000	84000000	3.41495883883384	0.26524028274626	-1.74067125321149
84000000	85000000	3.22919300599892	0.794440636257117	-2.31597447581655
85000000	86000000	2.60343680333999	1.13512250586358	-2.53121684700777
86000000	87000000	2.37421694929657	1.61829601797387	-2.70665975961781
87000000	88000000	2.24332906816129	1.25559112146499	-1.56501646970942
88000000	89000000	1.99350947152557	0.0941600941313261	-1.67729765028487
89000000	90000000	2.13065318295761	0.0564540204982632	-1.72701662881237
90000000	91000000	1.28521438387891	0.384403027658183	-0.92457945265782
91000000	92000000	1.35227579229503	0.380674061587631	-0.976762480691147
92000000	93000000	1.2345554767712	0.429000772448333	-0.857150545143691
93000000	94000000	1.28595151734181	0.312258509820547	-0.867933625733411
94000000	95000000	1.19877118366694	0.31812235056929	-0.958873593394346
95000000	96000000	0.902333259798511	-0.247615764189477	-1.1972134114357
96000000	97000000	1.18883331111532	-0.89354549380683	-1.25566231020792
97000000	98000000	1.82850449450095	-1.17081669104908	-1.08159808276596
98000000	99000000	2.4525086128312	-1.23606377353914	-0.710885322067223
99000000	100000000	3.25017492184075	-1.15820555170156	-0.509814054201993
100000000	101000000	3.85574926354709	-0.655059923090946	-0.11583250310391
101000000	102000000	3.57514875900254	-0.196448180419445	-0.501416840188355
102000000	103000000	2.54900563081628	-0.30400899205299	-0.146775860184371
103000000	104000000	2.93846983272697	0.264082598434889	-0.0967624462032728
104000000	105000000	2.74503623675332	0.317472857023315	0.50478945650572
105000000	106000000	2.02816168253486	-0.0885370537617183	0.576484973498623
106000000	107000000	1.28543954793129	-0.194647116778147	0.575508258863104
107000000	108000000	0.626646325339856	-0.39606034537537	0.21835093301693
108000000	109000000	0.0370212248730509	0.00835179843701621	-0.0791909251343399
109000000	110000000	-0.137606174994844	0.100198354275267	0.480722316254405
110000000	111000000	0.217903596879809	-0.130389568846306	0.805559131009925
111000000	112000000	2.86542555012657	0.112178400867334	1.54920483478292
112000000	113000000	3.67620759777268	0.0918178169091088	1.22759515094126
113000000	114000000	3.94542587464149	-0.167236919423288	1.78754023482651
114000000	115000000	4.00476649896986	-0.7289688323081	1.24362418632557
115000000	116000000	3.18806349777932	-0.857911219979877	1.42729052614687
116000000	117000000	3.04377836738256	-1.20514233217055	0.903575350777442
117000000	118000000	2.4571389306219	-1.60652143178223	0.700272117107997
118000000	119000000	2.72270025826409	-1.94611418175022	1.30547411947585
119000000	120000000	2.86312945335234	-2.10460265875059	1.96363613594633
120000000	121000000	2.88780459686834	-2.60978867849944	2.26698756436528
121000000	122000000	3.01274920605945	-2.17002419696088	2.76726845532749
122000000	123000000	2.53531526263082	-1.52459871928652	2.83451424468793
123000000	124000000	2.14081214825214	-2.01156726555939	2.73512326691145
124000000	125000000	2.03189030716502	-1.66133593175889	1.98967687289617
125000000	126000000	1.72540694998913	-1.42125691815981	1.50892743824605
126000000	127000000	1.16198898199988	-2.0401087985112	1.42672914541807
127000000	128000000	0.95320027557156	-1.42910261635756	1.39738339373009
128000000	129000000	1.14434175362826	-1.58948226098213	0.603747816057627
129000000	130000000	0.704253802229916	-1.50146784354763	0.192034235435994
130000000	131000000	0.190302699378425	-1.57493349077748	-0.229163486903815
131000000	132000000	0.374614685944422	-2.17433857104876	0.0473190124976124
132000000	133000000	0.898610544240115	-2.52991296103028	-0.515164584415134
133000000	134000000	1.32289973247711	-2.26686692113421	-0.12739008434321
134000000	135000000	1.93972499787836	-2.51647537953266	-0.537022195084233
135000000	136000000	2.2561296280939	-2.89180177015312	0.157759455250616
136000000	137000000	2.81245661484924	-3.18721991704182	-0.108322139171008
137000000	138000000	3.09240609094688	-3.49116254067983	-0.719734180197071
138000000	139000000	2.40354482517182	-3.50040075078347	-0.899258705082925
139000000	140000000	1.92087613711514	-3.83423813700755	-0.556046813712058
140000000	141000000	1.06533104357664	-3.68118728883761	-0.533617546528762
141000000	142000000	0.614265098145232	-3.64776808714514	0.155724205957494
142000000	143000000	0.709512119009046	-4.32839647925954	0.0948512085614242
143000000	144000000	1.42107296834812	-4.33215172028649	0.40237441082774
144000000	145000000	1.68878667926427	-4.05278019856293	1.07319295047092
145000000	146000000	1.17189737152266	-4.22775541275383	1.52347836358405
146000000	147000000	1.18580699433393	-3.5551625301937	1.68906069086893
147000000	148000000	0.752735037500698	-3.97453621071033	2.55139068286207
148000000	149000000	0.39219786642039	-4.00192417604823	2.05151033442842
149000000	150000000	-0.00193828056655288	-3.33550861603262	1.85536763550947
150000000	151000000	-0.0925076792805957	-3.24372401420289	2.51446326417379
151000000	152000000	-0.0478834849959473	-2.85319978791291	3.06358616323599
152000000	153000000	-0.335794451346777	-2.31643445114866	2.5348790303953
153000000	154000000	-0.742729550444299	-2.34846001716748	3.31081747565348
154000000	155000000	-0.651446591172557	-1.78152961987439	3.29417842234526
155000000	156000000	-1.28031869771273	-1.72793630830544	3.28821874331174
156000000	157000000	-1.52915097168322	-1.4338769800924	2.66811045558232
157000000	158000000	-2.15834162399185	-1.61764908085003	2.89754833385191
158000000	159000000	-2.13589133937908	-2.33055794288634	2.72450314510828
159000000	160000000	-1.7011181047089	-2.82151380519038	2.32349687690335
160000000	161000000	-1.53367525105642	-2.43658596279682	1.60604218084806
161000000	162000000	-1.32300270564477	-1.83696165310421	1.69529014124986
162000000	163000000	-1.50555694815322	-1.54831069475001	1.11854802579177
163000000	164000000	-1.03460379846024	-1.79972828883114	0.586009309912012
164000000	165000000	-1.73303797393111	-2.38177228303889	0.315500977743123
165000000	166000000	-1.214712263458	-2.63869536936664	0.0505702382129803
166000000	167000000	-0.905315249891662	-3.17949598984174	0.560043074275782
167000000	168000000	-1.62790085674212	-3.69672578892639	0.924798872776698
168000000	169000000	-1.47365040880616	-4.29015909928717	0.802788960216612
169000000	170000000	-2.00906628732601	-4.23942205105595	0.491338401064043
170000000	171000000	-1.75058813092141	-4.19671642448213	-0.306602815969802
171000000	172000000	-1.35389678888687	-3.68457924748968	-0.402323024096497
172000000	173000000	-1.74468893929549	-3.84392070234247	-1.11738951177083
173000000	174000000	-1.19975797199855	-4.39866358885169	-1.19379162637963
174000000	175000000	-1.30443150034557	-4.10245853748436	-1.88956147921259
175000000	176000000	-0.875381230811756	-3.52667784771283	-1.85005880840689
176000000	177000000	-0.678672804360331	-2.84172546718985	-1.73113690075816
177000000	178000000	-0.228080109068002	-2.69707536239122	-2.36216216141567
178000000	179000000	0.0652708488285705	-2.92067184549173	-2.93042733762379
179000000	180000000	-0.567824802095709	-2.88035572948032	-3.07201109719991
180000000	181000000	-0.613914519556366	-2.13599761116465	-3.38257886789399
181000000	182000000	-0.749381105858248	-1.48378058254881	-3.73885541148967
182000000	183000000	-1.33139897232058	-1.68475497604098	-3.66038886971482
183000000	184000000	-1.42300502252858	-1.34750343224508	-2.92951186291883
184000000	185000000	-1.8782491997054	-1.94314297865046	-3.13455091643053
185000000	186000000	-2.31800774128029	-1.83940347216566	-2.62002005926031
186000000	187000000	-2.06861784206804	-2.42562227990449	-2.26995998989567
187000000	188000000	-1.76474438709049	-1.73584428361856	-1.68012320357774
188000000	189000000	-2.21627926680426	-1.97727094148843	-1.25409881994027
189000000	190000000	-2.71017906149618	-2.53354513764671	-1.49539231457212
190000000	191000000	-3.25934911918328	-2.89751614713839	-1.5671505842829
191000000	192000000	-3.64094449812476	-2.55726703469304	-1.23083743462996
192000000	193000000	-3.78165200231146	-2.94927462733406	-0.573350400274706
193000000	194000000	-3.34489285005125	-2.48915433064585	-0.386359307237222
194000000	195000000	-3.04702269380416	-2.10301985647507	0.140699331513747
195000000	196000000	-3.3045456871557	-1.99975247039327	0.757356767590767
196000000	197000000	-3.83341788288831	-1.57991674534974	0.877065112413828
197000000	198000000	-3.47455743508315	-1.11988464204339	1.3012118747964
198000000	199000000	-3.65766008908794	-0.620642974625689	1.67349271161765
199000000	200000000	-3.27629407103372	-0.0961039106652765	1.68527771580694
200000000	201000000	-2.97520871254045	0.276460454117952	1.19072553038354
201000000	202000000	-2.41674779441591	-0.0130545063833072	0.786008078011538
202000000	203000000	-2.96519650936292	-0.531200705451205	0.424206374890531
203000000	204000000	-2.65576996596751	-0.141351720190075	-0.0845732204377973
204000000	205000000	-2.38983680630295	-0.570577386194044	-0.628012090818284
205000000	206000000	-2.91702397274864	-0.947674567805639	-0.573357407763375
206000000	207000000	-3.27321641260519	-0.632780230125401	-1.2727172693435
207000000	208000000	-3.68068776379511	-1.18243957224067	-1.31717294973059
208000000	209000000	-4.48980802533122	-0.868787744546502	-1.22877882938639
209000000	210000000	-4.89027287103912	-0.84558920396439	-0.60844896656798
210000000	211000000	-4.6933404779313	-0.194903273096562	-0.202901410486375
211000000	212000000	-4.8204725028679	-0.50026878816781	0.351462220941143
212000000	213000000	-4.92673854902143	0.143868590609604	0.428361217050569
213000000	214000000	-4.33568573974374	0.41294391896507	0.437706450992665
214000000	215000000	-4.33988844872913	1.23000847097748	0.359926425878155
215000000	216000000	-4.06275870098924	1.16674589840433	-0.166512016882294
216000000	217000000	-3.48008332730953	1.04562958753331	-0.560443491726756
217000000	218000000	-3.88568418382782	0.847266143844958	-1.51722653814594
218000000	219000000	-4.29049555790333	0.862816493499485	-2.10184451758885
219000000	220000000	-4.27924954656366	0.117460276090404	-1.94888118130414
220000000	221000000	-3.58525812700715	0.260754450570576	-2.13962030641935
221000000	222000000	-3.27448726978444	-0.277480279210815	-2.50352071718605
222000000	223000000	-3.26707363040684	0.238636651145082	-2.97072952618796
223000000	224000000	-2.52509980519903	0.119195016123679	-3.11918686002626
224000000	225000000	-2.50823284027986	0.676885500376585	-2.88747026706298
225000000	226000000	-2.15245056146319	0.670115703475803	-2.28923448956223
226000000	227000000	-2.73155919725856	0.98742651859707	-2.16237084569743
227000000	228000000	-2.0908473498757	0.884376199628377	-1.48936992213918
228000000	229000000	-2.00886860238627	1.11834138052761	-1.02296331256575
229000000	230000000	-2.08866704614222	1.48525247353542	-0.507326463020909
230000000	231000000	-2.38681739993033	1.9386431654056	-0.727455720265729
231000000	232000000	-2.5802249399524	2.43024916129738	-1.29824217170563
232000000	233000000	-3.18144100562977	2.40394645960402	-1.76739067454789
233000000	234000000	-3.58975548128611	2.57731730649154	-1.34138016293906
234000000	235000000	-3.58623984568317	3.08658386602211	-0.907242934046067
235000000	236000000	-3.18934186989576	2.46729621163516	-0.516891857489391
236000000	237000000	-3.00847971098511	2.94746646874596	-0.176870869995051
237000000	238000000	-3.23256503878165	2.68387029600083	0.206094532264534
238000000	239000000	-2.81897077297314	2.47676898976998	0.494813483009769
239000000	240000000	-2.88244789893517	2.45144715539636	0.93612850750369
