0	1000000	0.850531227952571	-0.314091763930686	0.0755610868765976
1000000	2000000	0.717428810071785	-0.23346904392598	0.152994715130719
2000000	3000000	0.480529613907998	-0.210100994249768	0.469289706147458
3000000	4000000	0.433793730954069	-0.082743167952209	0.588066382051292
4000000	5000000	0.631787228780225	-0.0806384447427237	0.9262598694438
5000000	6000000	0.674507904603991	0.094611014512997	0.986193203696984
6000000	7000000	0.603844389873981	0.0535359837636402	1.10813371158505
7000000	8000000	0.29047168774808	0.425762395858316	1.15895466576812
8000000	9000000	0.194426694169456	0.429762862756645	1.18596396389956
9000000	10000000	-0.225164472363426	0.556415948660519	1.2777998201547
10000000	11000000	-0.264805693916812	0.440853924329622	1.27789272084924
11000000	12000000	-0.362696302555934	-0.00231701092764125	1.30148023159307
12000000	13000000	-0.320753322860934	-0.121636521046028	1.36935391646673
13000000	14000000	-0.0886908492421941	-0.38969637965856	1.32384586303866
14000000	15000000	-0.0105591595202191	-0.463573418317249	1.2833855594169
15000000	16000000	0.220013600157774	-0.662925280189822	0.868074983204346
16000000	17000000	0.153081138190325	-0.676991838577588	0.704232815463631
17000000	18000000	0.204784429427695	-0.677613617698423	0.426422898092807
18000000	19000000	0.137564462805673	-0.51483691833491	0.264037913099798
19000000	20000000	0.029683357967663	-0.36306030282115	0.239066192142985
20000000	21000000	0.0487809321430572	-0.0984063110132958	0.271696031246716
21000000	22000000	0.083373364848173	0.0782537679106314	0.443362921153571
22000000	23000000	0.092796209673817	0.197317209392129	0.548100532712293
23000000	24000000	-0.0373068004133917	0.229064018128321	0.684448795290336
24000000	25000000	-0.256529073112537	0.301924934419353	0.771870333707446
25000000	26000000	-0.382453978427252	0.373783289356277	0.850556200361748
26000000	27000000	-0.572628036750919	0.681396065688903	1.02022797935681
27000000	28000000	-0.31791482037893	0.942586362026297	1.04935175888535
28000000	29000000	-0.173048121275624	1.02152159543307	1.03677715658772
29000000	30000000	0.0548686437068738	1.09798822291362	0.815079192517484
30000000	31000000	0.141657370135774	0.962879413923246	0.68882175981426
31000000	32000000	0.239480066725343	0.835608848763351	0.632659464830525
32000000	33000000	0.337035301432726	0.663076103785945	0.602270762280414
33000000	34000000	0.427893302555284	0.460804866841139	0.497650263648045
34000000	35000000	0.556443757130114	0.263926050997752	0.286750054541994
35000000	36000000	0.572619180459932	0.305877258489944	0.155600652748873
36000000	37000000	0.568957422637405	0.600612547491356	0.0553523668366728
37000000	38000000	0.376946985255123	0.811743497565412	-0.00740800080656316
38000000	39000000	0.299533242389282	0.763472542377387	0.102819038045168
39000000	40000000	0.17472594527156	0.351614437830278	0.108948303985524
40000000	41000000	-0.00527504280013851	0.342672148303267	0.1724496788029
41000000	42000000	-0.154053377150237	0.409280243056716	0.253077422269105
42000000	43000000	-0.240290153543062	0.814936906163527	0.115990444082051
43000000	44000000	-0.179471645839829	0.976168179255251	0.0268073155577903
44000000	45000000	-0.08442308175504	1.10332865598229	-0.18581678543079
45000000	46000000	0.0697820725723968	1.04978466848651	-0.348531782001581
46000000	47000000	0.213932854290184	0.78395481024209	-0.507021619484253
47000000	48000000	0.302126046911559	0.55841842903212	-0.455472213784588
48000000	49000000	0.335789116748023	0.368830756432739	-0.425379129732196
49000000	50000000	0.504912409182751	0.265305743273282	-0.330868953530591
50000000	51000000	0.621568838274518	0.128430722019801	-0.272971415962675
51000000	52000000	0.658623431594748	-0.139512594954034	-0.20627168473661
52000000	53000000	0.523616726442947	-0.323700539221372	-0.113295255245226
53000000	54000000	0.349977203666704	-0.299756465579361	-0.0113831176176629
54000000	55000000	0.141362134311161	-0.221115226694313	-0.0927937060627716
55000000	56000000	0.168346342867776	-0.283658002055798	-0.217388280581003
56000000	57000000	0.296884723558194	-0.250162568572235	-0.445869221237358
57000000	58000000	0.320305264061536	-0.277473426591316	-0.651900919512294
58000000	59000000	0.26340694790623	-0.211884705188645	-0.75175514077625
59000000	60000000	0.110325322983423	-0.0669644962686416	-0.807273435075042
60000000	61000000	0.0807015816126164	0.0826068013145349	-0.617067805784037
61000000	62000000	-0.00564886296219106	0.382196850752703	-0.478341932334979
62000000	63000000	-0.0789332036132902	0.500367561435776	-0.52704950633967
63000000	64000000	-0.135691565262791	0.559708659315849	-0.731170386807731
64000000	65000000	-0.263129721249961	0.492785678677441	-0.799069640397041
65000000	66000000	-0.222099837620291	0.28914460269979	-0.904816668147043
66000000	67000000	-0.322846491756585	-0.0273318517257446	-1.06868130241975
67000000	68000000	-0.448211311283733	-0.106768258776562	-1.11172882388336
68000000	69000000	-0.637371868466106	-0.0291561727557405	-0.807751379092179
69000000	70000000	-0.589697637382878	-0.0554406230810256	-0.546030445168392
70000000	71000000	-0.448553161886088	-0.119914023445435	-0.478764688044944
71000000	72000000	-0.378059957833362	-0.4186502295815	-0.571732821264423
72000000	73000000	-0.34052091339426	-0.427611095927274	-0.736257757574577
73000000	74000000	-0.151480120565893	-0.463538374148658	-0.611059746029569
74000000	75000000	-0.0815797884954375	-0.49601278573584	-0.479842256864389
75000000	76000000	0.0492633454280502	-0.566549686749261	-0.353430981315585
76000000	77000000	0.196054186496473	-0.700102834781168	-0.438094025313752
77000000	78000000	0.274894905969027	-0.875109206267055	-0.360533793350196
78000000	79000000	0.186623449138954	-1.0632805839729	-0.307211496620352
79000000	80000000	0.460699392658288	-0.84131481820203	-0.413683736178196
80000000	81000000	0.0227069538987682	-0.833666021264481	-0.18973678423587
81000000	82000000	-0.279478742443999	-0.328423422615754	-0.0877665497979318
82000000	83000000	-0.600940669085316	-0.596152682601379	0.332273834827703
83000000	84000000	-0.540240080375813	-0.419544213990961	0.288931517601075
84000000	85000000	-0.358146299481719	-0.385479554147615	0.154991395026844
85000000	86000000	-0.120072871673692	-0.0165720063987336	-0.0927177515930807
86000000	87000000	-0.144714378791302	0.06034724735412	-0.176617477538616
87000000	88000000	-0.375633027379386	0.10194897442019	-0.217932178577064
88000000	89000000	-0.351102164529146	-0.0102826207129675	0.0385857041393747
89000000	90000000	-0.356088543681719	-0.0106054162778901	0.0204078192966232
90000000	91000000	-1.19581336072258	-0.520341317826766	0.204872711062183
91000000	92000000	-0.440510555299517	-0.0565494958932493	0.0630869937702139
92000000	93000000	0.661698012380895	0.751651217959878	-0.116653454515366
93000000	94000000	-0.498994685805216	0.0137038257750991	0.0825409436622128
94000000	95000000	-0.611898871088773	0.0424519641415384	-0.0511601764544221
95000000	96000000	-0.561702945946557	0.0887237874890307	-0.13284314080029
96000000	97000000	-0.472900035331	-0.241778011041237	-0.736213558445249
97000000	98000000	-0.307991114206743	-0.661174255928679	-0.93295150698751
98000000	99000000	-0.597975529390293	-1.61124203814289	-0.475325998172664
99000000	100000000	-0.5353919676559	-1.75757971099964	-0.112041984016567
100000000	101000000	-0.270012863127926	-1.83999363489024	0.339165118937358
101000000	102000000	0.364642452824856	-1.36489881181779	0.229863128127135
102000000	103000000	0.582948381554043	-1.19151582320874	0.272360975419319
103000000	104000000	0.701042854036721	-1.02283922324847	0.278505471306001
104000000	105000000	0.82006953576702	-0.602093272824706	0.327055991529227
105000000	106000000	0.542826980626224	-0.471827740484812	0.354031375971444
106000000	107000000	0.236248196458848	-0.365332037706699	0.269989434521322
107000000	108000000	0.0339456963994532	-0.154942261546875	0.300848612529312
108000000	109000000	-0.0226605593830734	-0.0130019883426522	0.376069853753558
109000000	110000000	0.305289487971989	0.0853802946726192	0.725759196693666
110000000	111000000	0.338054227521558	0.036632948320976	0.815156549802514
111000000	112000000	0.535157422535996	-0.265081051573356	0.885191579899845
112000000	113000000	0.51812827315021	-0.726925325056918	0.738852217122096
113000000	114000000	0.47298353189947	-0.985186478667795	0.792441086294635
114000000	115000000	0.331709377774896	-1.0543211549034	0.850355124257871
115000000	116000000	0.143636621725785	-0.924424175725379	0.810869999305632
116000000	117000000	0.0826762601424153	-0.709872941914936	0.719341924576964
117000000	118000000	0.0061116485464438	-0.552492146017915	0.648247855437144
118000000	119000000	-0.121673433383603	-0.506848909142289	0.759108797240586
119000000	120000000	-0.156262840356002	-0.658598462924297	1.03836685425803
120000000	121000000	-0.157432502361358	-0.602083745437049	1.17207063652721
121000000	122000000	-0.263502460880937	-0.470053713509919	1.31589798604294
122000000	123000000	-0.422123080121246	0.0341713366226826	1.3093245653167
123000000	124000000	-0.385302992201649	0.103449737587185	1.21191769883998
124000000	125000000	-0.285028445510311	0.287412672229066	0.940320336161188
125000000	126000000	-0.381440464011879	0.206229468741635	0.806626744977485
126000000	127000000	-0.443418200023051	0.0636001693625747	0.679197846525159
127000000	128000000	-0.379301343987923	-0.0672234917619804	0.627503844774008
128000000	129000000	-0.368669337024212	-0.202891575755396	0.41019496258654
129000000	130000000	-0.502795391465628	-0.141703658710354	0.277771009681789
130000000	131000000	-0.533967456009851	-0.237164347524257	0.102354564244633
131000000	132000000	-0.547614100460419	-0.381459105949207	0.0520686914454675
132000000	133000000	-0.425195382778794	-0.645027511825741	0.117079822572479
133000000	134000000	-0.441371670378351	-0.674654505917834	0.261161364990289
134000000	135000000	-0.358948463504573	-0.797984450688501	0.523308777867393
135000000	136000000	-0.314280265574309	-0.984728273276852	0.521566889018164
136000000	137000000	-0.228650490962231	-1.11565830088205	0.384843089549721
137000000	138000000	-0.225984399825182	-1.2211612586362	0.192059319928281
138000000	139000000	-0.224052118485891	-1.15779754500765	0.00850746859934517
139000000	140000000	-0.340609300826909	-1.01870745831284	-0.113152240977738
140000000	141000000	-0.402875472603915	-0.838751224374417	-0.273545490786343
141000000	142000000	-0.613923653991929	-0.849113788141751	-0.305988784924446
142000000	143000000	-0.789936467982605	-0.823757351619111	-0.245378932086266
143000000	144000000	-0.959427621910252	-0.778489417452994	-0.186897308501067
144000000	145000000	-0.954254264872553	-0.725436013298478	0.0822685671058908
145000000	146000000	-0.909139826737005	-0.696280355325932	0.271001346847559
146000000	147000000	-0.772229028576825	-0.749765400537447	0.54934632937355
147000000	148000000	-0.726024621985978	-0.583357403210052	0.651113316656596
148000000	149000000	-0.611412919094901	-0.573141975548563	0.665201405668924
149000000	150000000	-0.632689870049057	-0.328725637094256	0.638969451468945
150000000	151000000	-0.764258939718158	-0.247601933232572	0.543795969286741
151000000	152000000	-0.824442830246374	-0.0761079854691834	0.693026831199791
152000000	153000000	-0.936880727244886	0.00912490079321264	0.793895146832654
153000000	154000000	-0.933186229917545	0.275210244837104	0.760887022710012
154000000	155000000	-0.829797360985544	0.282649779623047	0.686906355866681
155000000	156000000	-0.656189879823805	0.430689955508069	0.487087016821357
156000000	157000000	-0.609381385004963	0.384889081620284	0.268252599131952
157000000	158000000	-0.685100669005231	0.31600385630552	0.160593895528861
158000000	159000000	-0.804417009876873	0.184607462605943	-0.0146159189248326
159000000	160000000	-0.989993794190802	0.090013549059094	0.00111348508118991
160000000	161000000	-1.04162736232769	-0.147786974381625	0.0465580368871878
161000000	162000000	-1.06244158566772	-0.296733871977039	0.0663725995586854
162000000	163000000	-1.02981064780974	-0.311325504868493	-0.154512913458667
163000000	164000000	-1.0282603025845	-0.120142796070309	-0.271120881428012
164000000	165000000	-1.00334103117356	-0.0801855484580131	-0.4938688109106
165000000	166000000	-0.901744925030122	-0.210455884525633	-0.481683366213573
166000000	167000000	-0.78024215883545	-0.337683275153865	-0.396469940422984
167000000	168000000	-0.598344343100425	-0.537758357373346	-0.335309218114127
168000000	169000000	-0.533994631874346	-0.556179330842344	-0.451308860874622
169000000	170000000	-0.494579370692328	-0.692678709610504	-0.602271459215077
170000000	171000000	-0.484584038080218	-0.688172246880998	-0.799874973910533
171000000	172000000	-0.520608999671294	-0.73873012124084	-0.977255556822713
172000000	173000000	-0.306553070669545	-0.600751640460469	-1.17760656559414
173000000	174000000	-0.191970809093099	-0.478735843238688	-1.09134183898826
174000000	175000000	-0.136355039411715	-0.453299710958428	-0.966233668866611
175000000	176000000	-0.173748418874214	-0.39982550625095	-0.677903892684575
176000000	177000000	-0.258699129033729	-0.283718614310298	-0.497927273182525
177000000	178000000	-0.331379584948123	-0.101510925114749	-0.46163851096918
178000000	179000000	-0.212941472666393	0.0619390264242612	-0.572582906155865
179000000	180000000	-0.185014393766475	0.113952470394731	-0.722684160828118
180000000	181000000	0.0274077531236099	0.0359880693328612	-1.07199517815082
181000000	182000000	-0.0933593816684191	0.183308544248032	-1.21892989525067
182000000	183000000	-0.183165879865497	0.309175546357782	-1.22558845861781
183000000	184000000	-0.431912315711109	0.389021384697732	-1.14816514881184
184000000	185000000	-0.629933567058889	0.324869739102678	-1.00117211927732
185000000	186000000	-0.691325317233891	0.252017530213264	-0.860344535636525
186000000	187000000	-0.63601786847927	0.242314071966794	-0.727097499138493
187000000	188000000	-0.604035069741842	0.220366187835349	-0.525169086594374
188000000	189000000	-0.711494637401198	0.11785936063906	-0.50853592874998
189000000	190000000	-0.89895851033331	0.274958022462437	-0.502934096833381
190000000	191000000	-0.97850121244946	0.410920788653948	-0.602455095718241
191000000	192000000	-1.05267013716333	0.498423400495235	-0.466614828261643
192000000	193000000	-0.99336654507101	0.51476205482207	-0.265762381678938
193000000	194000000	-0.838786724626646	0.499628435219785	-0.230627368021206
194000000	195000000	-0.770818457038217	0.58071751372301	-0.11711637112648
195000000	196000000	-0.834080760703004	0.718471775093	0.0010182703099553
196000000	197000000	-0.939440467201066	0.718797583654856	0.144289162291961
197000000	198000000	-0.883745833653247	0.734697457643841	0.364332955971153
198000000	199000000	-0.767808576695225	0.617359950920772	0.408976331305216
199000000	200000000	-0.369308256817827	0.4217259216647	0.424705716157908
200000000	201000000	-0.299092041042079	0.275252779446017	0.266581613362445
201000000	202000000	-0.1550402177699	0.137484316625277	0.10629413645411
202000000	203000000	-0.309534314168887	0.0771403759300388	-0.180588028978131
203000000	204000000	-0.273165119974291	0.39116451373885	-0.2363604926706
204000000	205000000	-0.254740908349006	0.463186280904802	-0.458393269607187
205000000	206000000	-0.162716765700034	0.472791660817782	-0.710176602755995
206000000	207000000	-0.134346370634353	0.54885824380341	-0.936933412702916
207000000	208000000	-0.236573296895575	0.668486078313943	-0.842756994926481
208000000	209000000	-0.238546569326219	0.885660566512483	-0.829830956232279
209000000	210000000	-0.385606090133139	0.913693079455879	-0.743659758960718
210000000	211000000	-0.45721667625995	1.1042414747471	-0.508716459075275
211000000	212000000	-0.565074350567283	1.12721348851073	-0.304124396754702
212000000	213000000	-0.590229994087706	1.13188696453337	-0.0351794105741951
213000000	214000000	-0.576720714125434	0.894471724229855	0.154376936856584
214000000	215000000	-0.441949419387689	0.953468102573109	0.337453043754171
215000000	216000000	-0.299805388530092	0.931958512415847	0.339999140286541
216000000	217000000	-0.128799857366528	0.958302463741804	0.42340612433072
217000000	218000000	-0.0173060610929627	1.19857013001943	0.107853338709672
218000000	219000000	0.0876869360595463	1.31655648966806	-0.0828397282559576
219000000	220000000	0.195835437411305	1.30540146500696	-0.257730134372685
220000000	221000000	0.13883445725041	1.11107555414061	-0.421863148659295
221000000	222000000	0.0320981924763661	0.950607569135388	-0.452404069979943
222000000	223000000	0.0947760048816588	0.926431358459147	-0.668524322933014
223000000	224000000	0.215134554059876	0.784031980801327	-0.722017185012825
224000000	225000000	0.319403821233623	0.698902277879146	-0.615735185384005
225000000	226000000	0.355941259848015	0.466842779372741	-0.291278484061117
226000000	227000000	0.197330038408422	0.51118621980993	-0.301822094347444
227000000	228000000	0.0884370748579937	0.451228148567286	-0.00859900200077889
228000000	229000000	0.0335024384022058	0.43166508464789	0.0970637379630166
229000000	230000000	-0.0840124759834163	0.423197752329759	0.369227835892433
230000000	231000000	-0.0610397957469129	0.577013860016835	0.349793879730084
231000000	232000000	0.0407643196022388	0.79051877592101	0.251463320953214
232000000	233000000	0.216351874089535	1.0354341878338	0.236575202523704
233000000	234000000	0.06710554372124	1.22409897211187	0.424292989136228
234000000	235000000	-0.117539217869322	1.18547128378119	0.639204567038931
235000000	236000000	-0.292068081620469	0.971856654105182	0.765454784491708
236000000	237000000	-0.263377499278344	0.850021224835833	0.930392381691029
237000000	238000000	-0.293773910294126	0.759607407268172	1.00023971235961
238000000	239000000	-0.0391467958521638	0.217059846747932	1.05154529198174
239000000	240000000	0.0144017229180224	0.153972921773627	1.00830740240303
