0	1000000	-0.0788731362566447	-0.0955909709987121	-0.0329456640976572
1000000	2000000	-1.04956927384747	-0.616537090696888	-0.467621266316739
2000000	3000000	-2.91295130388839	-1.43221635723071	-0.232499380018367
3000000	4000000	-1.78980429410576	-3.57185253387416	0.914686257077614
4000000	5000000	-1.06608365119736	-2.5616707830272	2.25366257030205
5000000	6000000	0.371714461346389	-1.96070647338731	0.943568366844853
6000000	7000000	1.62344573874423	-3.51789805484853	1.80549282573149
7000000	8000000	2.70166795757692	-4.07304922268996	0.26411585176294
8000000	9000000	0.827303312885892	-3.79010070142762	-0.842562555748693
9000000	10000000	0.123799781858598	-2.29064175221659	-1.87214732282409
10000000	11000000	-1.95369809225322	-2.92212421239217	-2.86920464111255
11000000	12000000	-1.99992586911904	-0.592207114000282	-3.10897008028391
12000000	13000000	-0.410287296634787	-0.541404286597377	-4.55434476871431
13000000	14000000	1.83994883733219	-1.49265724592852	-4.02546210831961
14000000	15000000	3.16573754630138	-0.949682100285972	-1.67555070615987
15000000	16000000	1.59839069142472	-0.46741614560449	-0.591612615631932
16000000	17000000	0.60977496810832	0.63192823879474	-1.59744341601151
17000000	18000000	0.856925323691817	1.83036106609	-3.24888885444077
18000000	19000000	-0.991824738107737	3.17452510895465	-3.25522496132498
19000000	20000000	0.400924584651413	4.24135612138247	-1.51899085614951
20000000	21000000	2.7726245738362	2.64171114395243	-1.42017113784181
21000000	22000000	3.42567368151686	1.89076263206589	0.602076361179865
22000000	23000000	3.15216501756494	0.143062110685786	1.72255546243719
23000000	24000000	3.36675937027123	0.219749711586793	3.39773430990691
24000000	25000000	1.78584250209105	-0.913088955853834	4.32092415497691
25000000	26000000	0.122908997529077	0.288518017242708	4.32059201517177
26000000	27000000	0.967490274924717	2.78133014716583	3.67358204647087
27000000	28000000	-0.06186670530775	3.1155813216587	2.10910281687424
28000000	29000000	0.433613253984907	1.86160937275643	0.496013186103139
29000000	30000000	0.412518529937516	0.404582767035882	1.4682543181185
30000000	31000000	-1.34318765476697	0.431801303233733	1.41781422738317
31000000	32000000	-1.65720839751042	1.63947060915522	-0.43789636567159
32000000	33000000	-3.86510378416807	1.44782994898447	-1.57044197330371
33000000	34000000	-3.7840793184265	3.20723832151577	-0.627985717080868
34000000	35000000	-3.82363368234104	1.37974304807551	1.24794259836764
35000000	36000000	-3.77113220764721	0.457683010723337	2.99184702234334
