0	1000000	-0.376194650335694	1.52956108911472	-2.7470073138884
1000000	2000000	0.28908084199472	1.71726567787892	-2.96625013196047
2000000	3000000	0.744713408879964	1.42684007177881	-2.60202936053399
3000000	4000000	1.05967704418586	0.849725692625989	-2.52355647084187
4000000	5000000	1.52234926487511	0.33901859415559	-2.22682489135882
5000000	6000000	1.56112443811879	-0.356020872429813	-2.57420749006531
6000000	7000000	2.34286206647282	-1.10613937481117	-2.61450522840748
7000000	8000000	3.03609802178068	-1.13041903186117	-2.38871081271088
8000000	9000000	2.83229215446721	-1.90135781329625	-1.76680692158406
9000000	10000000	2.74576205028138	-2.0776624715197	-0.866334119638865
10000000	11000000	3.25312123068341	-2.6775360478711	-0.542698796185954
11000000	12000000	2.70238571457103	-2.88244733199458	-0.147712194237971
12000000	13000000	1.90685632035122	-3.17070210566733	-0.446086515211698
13000000	14000000	1.74825407460516	-3.22328256982644	-1.4972291583856
14000000	15000000	1.48451730464168	-4.14231927642331	-2.3743208259187
15000000	16000000	0.835969741603055	-4.33160503127692	-2.25733933707447
16000000	17000000	0.440298127998648	-4.32256874569645	-1.59693150054916
17000000	18000000	0.121813031831777	-3.5084525883796	-1.5962471967567
18000000	19000000	-0.278069895478155	-2.95197259118237	-2.13447645099422
19000000	20000000	-0.587952114311709	-2.42744731184326	-1.97633844988995
20000000	21000000	-0.722521567671599	-2.12344738833559	-1.20343440000982
21000000	22000000	-0.0465538073599088	-2.60084381989607	-0.586656698569903
22000000	23000000	0.161207923305418	-2.98714759955149	0.258270534222194
23000000	24000000	0.176070832037412	-2.26365831119475	0.676204320562687
24000000	25000000	0.198175041745102	-1.51553156396228	0.422879714496374
25000000	26000000	-0.0765979242494563	-0.937410121592175	-0.0508671601106424
26000000	27000000	-0.453106951652507	-0.68460154779192	0.521766994470822
27000000	28000000	-0.48752341856055	-0.598542371695888	0.596656991686918
28000000	29000000	-1.18948068785757	0.318481016209165	-0.2844793452538
29000000	30000000	-1.66664988999181	0.778332060710888	-0.476224397144649
30000000	31000000	-2.27859763847085	0.639728804975261	-0.589263666287797
31000000	32000000	-2.69029895057031	0.719293038283982	-0.888721534103023
32000000	33000000	-2.97596943173936	1.24465665762753	-0.797655083170835
33000000	34000000	-3.08484765046738	1.23712982571957	-0.261175693955476
34000000	35000000	-3.16283708803402	1.41733379807235	0.33079437070862
35000000	36000000	-2.85913221994228	1.26772945407733	0.810464918197935
36000000	37000000	-2.7982966430952	1.13707821018023	2.01305196408282
37000000	38000000	-2.59914097621547	1.35690087350542	2.62400499138506
38000000	39000000	-1.74925719770482	1.30152812553469	2.54701458627613
39000000	40000000	-0.732812458129422	1.45119485053425	3.03327215543892
40000000	41000000	-0.823639809110111	1.7692648385765	2.15860735114045
41000000	42000000	-1.14837018162883	1.93725602249993	1.4456059505919
42000000	43000000	-1.32871761217788	2.33713707795067	0.830964699586306
43000000	44000000	-1.4618882837566	2.66430325626523	0.187421348668
44000000	45000000	-1.41622860282638	3.08064756081218	-0.121493172148964
45000000	46000000	-1.03211708696749	3.19521658736498	-0.46459610133773
46000000	47000000	-0.356909301315804	3.00210668928527	-0.278314914553889
47000000	48000000	0.11263491014884	2.70736125779834	0.0465764127962134
48000000	49000000	0.545810928922463	2.61695847757819	0.761589990116598
49000000	50000000	1.5646839917977	2.80689390260324	1.56655155359946
50000000	51000000	1.10132631197755	2.5070808962973	1.85885881619963
51000000	52000000	1.4866888390048	1.98633196014454	2.27927141564194
52000000	53000000	1.80302627332499	1.38529786493931	3.04376262760216
53000000	54000000	1.35237626437612	1.10998241979843	2.37122202570842
54000000	55000000	0.834589002346207	1.16443794835169	1.65283950210617
55000000	56000000	0.784153835880447	0.803320918273949	1.29443781424386
56000000	57000000	1.05740197080536	0.217902680706039	1.67180921398886
57000000	58000000	0.660305526336903	-0.0355704255830355	2.82896428584188
58000000	59000000	0.406252570207683	-0.361399672896309	2.35920079205419
59000000	60000000	-0.314378243955476	0.189160425335819	1.37131259062077
60000000	61000000	-0.947842028903157	0.0965640315149077	1.19041883548568
61000000	62000000	-1.22594674707971	0.00906332949776917	1.0946985653201
