0	1000000	-1.24448306614297	-1.60092995779806	0.778589207413684
1000000	2000000	-1.58493358869268	-1.38472454356897	0.818845020427908
2000000	3000000	-1.13424919029815	-1.64872468066939	0.383744484997729
3000000	4000000	-2.1452869076873	-0.988611632435961	1.50642873387678
4000000	5000000	-2.67721085831563	-0.676777258964867	2.22330432267036
5000000	6000000	-3.43520349212008	-0.288810217562024	1.29768654992621
6000000	7000000	-3.64066387155926	-0.952627629484683	0.191071956112897
7000000	8000000	-3.48120581227659	-1.6669587385997	-0.690846104999223
8000000	9000000	-3.19151929796246	-2.88717741670107	-0.568907033291889
9000000	10000000	-2.17004159973419	-3.17529022759024	-0.885821963449158
10000000	11000000	-2.13334226610293	-2.34690852944498	-1.64060694530939
11000000	12000000	-2.82997073359171	-1.84420514840417	-2.28445846488844
12000000	13000000	-1.83232882104995	-1.81132829406096	-2.98795565668489
13000000	14000000	-0.70964101160432	-1.62275223452978	-2.72337307469284
14000000	15000000	-0.345267099350114	-0.603575531428275	-2.14415415614406
15000000	16000000	-1.39649235952267	0.219091440266757	-2.11091883084406
16000000	17000000	-2.70536366226281	0.438577782403364	-1.67630606399111
17000000	18000000	-2.1683368792423	0.840948358115951	-0.908553168465895
18000000	19000000	-0.345210985668397	1.84039155577681	-1.48751127434111
19000000	20000000	-1.26953288742296	2.11236736820041	-0.71184447145394
20000000	21000000	-0.310309981331938	2.13307444998577	0.0854811068945921
21000000	22000000	0.955874164324201	2.43507110330672	-0.139489627495299
22000000	23000000	2.30236419304003	2.00506988906667	-0.614946187465083
23000000	24000000	2.79819502823555	2.93272481362547	-0.348175146200659
24000000	25000000	2.80882382006857	3.74296595050856	0.390416012538417
25000000	26000000	2.52711271442658	3.07602109887537	0.985773591664294
26000000	27000000	2.77970977317905	2.25275648266564	1.48363264709753
27000000	28000000	2.12044806972894	1.51701435852532	2.08114259061602
28000000	29000000	1.3326322914834	0.568408868313789	1.95297417379874
29000000	30000000	0.764439332232749	-0.531523003761472	1.06411976358031
30000000	31000000	1.85405274828974	-0.448242129441862	0.927218303703986
31000000	32000000	3.00965141042675	-0.210288976911975	0.796058446561816
32000000	33000000	3.81581475623429	-0.298032936330129	0.509791643971417
33000000	34000000	4.38425232315224	-0.35975461859335	0.965975356552106
34000000	35000000	4.77336013193745	-0.173555121664948	1.47814467173345
35000000	36000000	4.52386361517985	-0.593684691689736	2.0034695855788
