0	1000000	4.22984053233932	-1.57227232032425	2.15323218017045
1000000	2000000	4.0758378818707	-1.81692903814171	2.03961217669842
2000000	3000000	3.8934225521228	-1.80604128159198	2.17290364058095
3000000	4000000	3.69317347002876	-1.63818994598202	2.25329718398942
4000000	5000000	3.43400061413559	-1.67403760991314	2.2267289376548
5000000	6000000	3.20756647590417	-1.74467956560345	2.46349073619125
6000000	7000000	3.26562516690146	-1.80678271685613	2.65718142759779
7000000	8000000	3.11033546835122	-1.67178636930867	2.71288085863173
8000000	9000000	2.87637417926597	-1.53171809059687	2.55859149867475
9000000	10000000	2.53788045693629	-1.39572471534847	2.32391384970583
10000000	11000000	2.37502210100615	-1.29731586349495	2.2151588023489
11000000	12000000	2.21410270387344	-1.11752465628028	2.10266716167007
12000000	13000000	2.01083671648149	-1.32330203805304	2.06272241561039
13000000	14000000	2.20142139691404	-1.3553842237334	1.88196696171348
14000000	15000000	2.30657901614242	-1.32263355063575	1.71743904987705
15000000	16000000	2.34808661449302	-1.79308415976117	1.52300390785414
16000000	17000000	2.51660461008215	-1.81100224338104	1.3461609133287
17000000	18000000	2.59557265546047	-1.94712471556032	1.21273536426488
18000000	19000000	2.92420935962293	-2.23276621670989	1.08195547790765
19000000	20000000	3.26191559944413	-2.24357918275988	0.714141065886024
20000000	21000000	3.511095802922	-2.39482386532088	0.778604128184983
21000000	22000000	3.62358809231661	-2.13263731744623	0.857604893064549
22000000	23000000	3.74868174175068	-1.88169727312308	1.05979280063351
23000000	24000000	3.58984776930321	-1.72619825188182	1.05542551863392
24000000	25000000	3.90789892812152	-1.60071530373749	0.748211236059826
25000000	26000000	4.15781566238795	-1.39892365909868	0.786717253559504
26000000	27000000	4.30920730764102	-1.20860724152565	0.585503329217015
27000000	28000000	4.00147889211328	-1.05050525195331	0.512236382579296
28000000	29000000	3.98085503489042	-0.875706700935973	0.338875861735816
29000000	30000000	3.98109165656797	-0.58852327066574	0.321179328725962
30000000	31000000	3.60740687151042	-0.581971014452562	0.303353475586092
31000000	32000000	3.42022217214188	-0.590930342648915	0.513829566292504
32000000	33000000	3.34229286150796	-0.459260487943948	0.784838144169935
33000000	34000000	3.38071579246293	-0.199949546965996	0.904877413351135
34000000	35000000	3.84654564186886	-0.0676351730308544	1.04865175701674
35000000	36000000	3.73158405528564	0.135410933430279	1.23635655644202
36000000	37000000	3.47966994860879	0.0724781495458008	1.11404470172586
37000000	38000000	2.93374413327754	0.0815034653113877	1.11819748310623
38000000	39000000	2.73463935513303	0.209642560858467	1.13911415009751
39000000	40000000	2.69416042069428	0.480253371507428	0.804646623434815
40000000	41000000	2.55681228626184	0.55254275479177	0.587248677855699
41000000	42000000	2.42626286769869	0.579185249274318	0.441041474579341
42000000	43000000	2.25793784972691	0.547344901564613	0.496829160503648
43000000	44000000	1.96849138557931	0.421051482511405	0.61235081121424
44000000	45000000	1.74601767559845	0.246364417000877	0.725877417356881
45000000	46000000	1.39843991465555	-0.00278297365219486	0.672358469551633
46000000	47000000	1.31954302979535	-0.124735219044015	0.716580847514652
47000000	48000000	1.19083186678509	-0.265646303369358	0.845588445057652
48000000	49000000	1.15873104863388	-0.376925864824229	1.11248197061216
49000000	50000000	1.19306186380061	-0.312867497242999	1.20008475593664
50000000	51000000	1.2197438562978	-0.300046177576085	1.44046213346902
51000000	52000000	1.20443226785564	-0.311499896455664	1.62486616594472
52000000	53000000	1.33773690733224	-0.0763518688889612	1.73581115165305
53000000	54000000	1.49224345398909	0.065217385539647	1.84950383952034
54000000	55000000	1.63186629067475	0.291026153949179	2.02025723086028
55000000	56000000	1.65282832861566	0.63191974579325	1.88322485773773
56000000	57000000	1.8829379014329	0.589749910248038	2.20814018015916
57000000	58000000	1.99040523194278	0.663466762182909	2.37715685597044
58000000	59000000	2.104225972163	0.814556813034744	2.60524553225715
59000000	60000000	2.19560992794985	0.962945658417507	2.7384119678223
60000000	61000000	2.17065242686938	1.11954290523416	2.9982867252521
61000000	62000000	2.05479023579779	1.34569290878531	2.85286839825288
62000000	63000000	1.82756233849407	1.54472878298465	3.02426254511545
63000000	64000000	1.65935890424821	1.64171838890292	2.92402004809756
64000000	65000000	1.39095579254122	1.97262575452875	2.91091304404039
65000000	66000000	1.3434982214819	2.09418229335569	2.68870816839708
66000000	67000000	1.56556112382588	1.96559886821255	2.33057754517147
67000000	68000000	1.56389073340007	2.09042292917104	2.15154284788699
68000000	69000000	1.45624423503526	2.37156955473082	2.10591142477141
69000000	70000000	1.25872092496031	2.25127236472151	1.9437226864295
70000000	71000000	0.859579734273672	2.31762435319316	1.7045938321275
71000000	72000000	0.772008564975751	2.01410706099131	1.74299334577756
72000000	73000000	0.664547696236929	1.73906817106789	1.79892920051608
73000000	74000000	0.477406814088024	1.95030247350805	1.90127968898602
74000000	75000000	0.108542047024265	1.91935823597216	2.16242553348909
75000000	76000000	0.129215120686511	2.08016251169369	2.36169561302477
76000000	77000000	-0.303430145811675	2.15023616820046	2.31938436534147
77000000	78000000	-0.346994315802916	2.24988483837016	2.60176832077459
78000000	79000000	-0.504677390010533	1.98713843015205	2.76742923112395
79000000	80000000	-0.388530199859404	1.80648526343106	2.94426289987995
80000000	81000000	-0.417629848926713	1.50482974304106	3.09914395264824
81000000	82000000	-0.513657717505996	1.20144434271389	3.04056348007552
82000000	83000000	-0.605300509443567	1.08235295568023	3.29125195543667
83000000	84000000	-0.91570378567991	1.06127578900354	3.21472022000923
84000000	85000000	-0.976181092856439	1.23327094194926	2.88047808570392
85000000	86000000	-1.02354100666131	0.935923842737236	2.86820242669913
86000000	87000000	-0.989741159822782	0.981622913908263	2.4931662717704
87000000	88000000	-0.899397178633409	0.892795836332148	2.00620561798063
88000000	89000000	-1.19115278676882	0.918267396498397	1.82010849584786
89000000	90000000	-1.09579338577218	0.983768707235723	1.48846593209989
90000000	91000000	-1.46473031106911	0.687434188421804	0.511964583348404
91000000	92000000	-1.49331850603923	0.643595637154366	0.470234217137189
92000000	93000000	-2.10997670481796	2.1759582635607	1.17172260310733
93000000	94000000	-2.43101613267957	2.15666082576323	1.00720027933146
94000000	95000000	-2.35850053029546	2.11112535427482	1.20750731994044
95000000	96000000	-2.54955306648488	2.01883677056308	1.42594956969615
96000000	97000000	-2.69207125454942	1.78612119347895	1.21308468544775
97000000	98000000	-2.7880780214763	1.53913632060598	1.17557632530996
98000000	99000000	-2.96194791175275	1.24113460104907	1.09598204600319
99000000	100000000	-3.16594804448703	1.1665190263057	0.908629617931356
100000000	101000000	-3.418221560057	1.31748182916318	0.92461649301811
101000000	102000000	-3.50496747117711	1.38753843613055	0.696501697906206
102000000	103000000	-3.60256467815356	1.18708965703615	0.437241938527944
103000000	104000000	-3.65233404193413	1.17089001094554	0.228423940501298
104000000	105000000	-3.56698111419585	1.25393631055838	0.064296278370669
105000000	106000000	-3.21210968374352	1.22946376849803	0.0221930561808335
106000000	107000000	-2.94506542588565	1.34684515850772	-0.138644615266164
107000000	108000000	-2.64988624270439	1.53708606552388	-0.139262991852233
108000000	109000000	-2.40067883488489	1.67106204253957	-0.231664705531091
109000000	110000000	-2.36000386019951	1.40200170369244	-0.263578831418543
110000000	111000000	-2.12843857401374	1.22321142939121	-0.383343883895447
111000000	112000000	-1.99792218453345	1.01468590174174	-0.470729800080459
112000000	113000000	-2.03600759294485	0.770871217378035	-0.702149185944336
113000000	114000000	-2.33340400369644	0.765674657616106	-0.84787305439413
114000000	115000000	-2.52013319348568	0.671449009319586	-1.16939134171261
115000000	116000000	-2.71078932439003	0.429652927146638	-1.3924789598115
116000000	117000000	-2.88052734135107	0.213497196765817	-1.32735832853789
117000000	118000000	-2.79680126998149	0.0658541121007977	-1.07269176466757
118000000	119000000	-2.6332582295516	0.00836988779886218	-0.931582121174653
119000000	120000000	-2.77725746840446	-0.124242807883208	-0.511824084640801
120000000	121000000	-2.65119810113037	-0.234908055215123	-0.409469003644727
121000000	122000000	-2.68722007285852	-0.424957428135899	-0.367394963077029
122000000	123000000	-2.97216399193637	-0.725379209291356	-0.336242765234376
123000000	124000000	-3.0951242853711	-0.920001855045282	-0.351586248640342
124000000	125000000	-3.00372597475474	-1.20952138075236	-0.0458468486744535
125000000	126000000	-2.83360783106353	-1.0818200610008	-0.0218054152032767
126000000	127000000	-2.70301014951919	-1.0544083115993	0.11069252384988
127000000	128000000	-2.46716302635871	-1.11178774955403	0.249300947794626
128000000	129000000	-2.20490996555529	-1.13405580092282	0.275616327431494
129000000	130000000	-2.08007900322966	-1.09148333379476	0.504981453095055
130000000	131000000	-1.85012995749208	-1.01907356316931	0.393015343139047
131000000	132000000	-1.67978423785033	-0.820735815228581	0.286025781520863
132000000	133000000	-1.54577697625705	-0.780599785041147	-0.0439123790871024
133000000	134000000	-1.2555660026595	-0.616522707094879	0.0189989840591929
134000000	135000000	-1.1012962865714	-0.597550099830863	-0.201220116895726
135000000	136000000	-0.940229049419827	-0.761851027844607	-0.275441157185449
136000000	137000000	-1.01851361032844	-0.730345374561538	-0.513978889541899
137000000	138000000	-0.988819865430932	-0.921210755830534	-0.700566715464724
138000000	139000000	-0.826501831761631	-1.24999919606723	-0.563834230753607
139000000	140000000	-1.02938862865557	-1.39965378095431	-0.596010890078103
140000000	141000000	-1.14239155495767	-1.612484767934	-0.762623020512961
141000000	142000000	-1.29986571106952	-1.84660925672355	-0.838692065625236
142000000	143000000	-1.16789861552882	-2.37676627538997	-0.952219087793179
143000000	144000000	-1.24782290827608	-2.43265749362255	-1.21761409764188
144000000	145000000	-1.38519099018439	-2.64894639447128	-1.41159028703658
145000000	146000000	-1.48147567867548	-2.60751219754306	-1.76465391239343
146000000	147000000	-1.54971840523513	-2.39011549811737	-1.76873011015354
147000000	148000000	-1.76603525297055	-2.16353265166971	-1.61209467158638
148000000	149000000	-1.87799365868603	-1.86449080367257	-1.59018135497172
149000000	150000000	-1.79270235704552	-1.63436430714596	-1.87823521950217
150000000	151000000	-1.91095941505443	-1.49838828365952	-2.01198794799997
151000000	152000000	-1.84617001433664	-1.52949267671303	-2.31172629107202
152000000	153000000	-1.68704140974703	-1.64424711820402	-2.51922309639695
153000000	154000000	-1.37964624683979	-1.52473246525196	-2.58641648066469
154000000	155000000	-1.12186349838798	-1.3883669539131	-2.28477444890101
155000000	156000000	-0.880656820283965	-1.32462599298876	-2.17045720177484
156000000	157000000	-0.653115009992062	-1.53546278767715	-2.07279066743496
157000000	158000000	-0.330134935221173	-1.63642958959485	-2.24934771777902
158000000	159000000	-0.357804537990218	-1.5097598999949	-2.48288707876103
159000000	160000000	-0.321807062010536	-1.52763101046889	-2.87512161813105
160000000	161000000	-0.205125872600554	-1.7811264643787	-3.1710358388388
161000000	162000000	-0.529624655143306	-1.73599992050448	-3.38462178563772
162000000	163000000	-0.17253078630483	-1.62162975660978	-3.45513343148149
163000000	164000000	-0.41506437573761	-1.37700569038877	-3.3738329357001
164000000	165000000	-0.457923117681859	-1.09687728685343	-3.53715947913853
165000000	166000000	-0.806709242931497	-0.996971878202382	-3.29537592942098
166000000	167000000	-0.973364761301333	-0.587633274781156	-3.31076638026155
167000000	168000000	-1.03994414803146	-0.4046759325846	-3.10150427883428
168000000	169000000	-0.846100810542471	-0.184916066115543	-2.86204107938715
169000000	170000000	-0.795179021784733	0.0701435100170401	-2.60731139798776
170000000	171000000	-0.905444015320161	-0.00128695220428125	-2.49897084530367
171000000	172000000	-0.190709856494605	-0.212872761752026	-3.3877715526382
172000000	173000000	0.0433654897816934	-0.313667771271672	-3.56309317632799
173000000	174000000	0.299255442289055	-0.275924051969693	-3.52506670833333
174000000	175000000	0.217718281838514	-0.0680100630140233	-3.55325065667779
175000000	176000000	0.12483576339649	0.13199811914831	-3.31780663442739
176000000	177000000	0.117505733620619	0.324928675824494	-3.30546443166097
177000000	178000000	0.0332643367371872	0.470919979010172	-3.10472787914134
178000000	179000000	-0.100545808150073	0.701388306577818	-2.93766602643724
179000000	180000000	-0.260010758329498	0.878727916974371	-3.07066562703877
180000000	181000000	-0.357187966414816	1.01737558582214	-2.92913729246866
181000000	182000000	-0.83076054469193	1.20184269575125	-2.7679373382121
182000000	183000000	-0.977663131699437	1.16779194450647	-2.77988382759602
183000000	184000000	-1.22348865640297	1.14471963005574	-2.74453590506511
184000000	185000000	-1.41389691270839	0.988320463668414	-3.04002887842892
185000000	186000000	-1.52239040758632	0.931040390226867	-3.30579761958418
186000000	187000000	-1.64644584940271	0.722592995755088	-3.43195274618851
187000000	188000000	-1.59258068558649	0.759111375523808	-3.71729022224632
188000000	189000000	-1.55189309879681	0.945309472680742	-3.83837044094591
189000000	190000000	-1.43090238915064	1.17622527587593	-4.00652442384753
190000000	191000000	-1.46826326200208	1.36280736673325	-4.1561820608937
191000000	192000000	-1.38283636558367	1.61163077696643	-3.83518920939052
192000000	193000000	-1.48412508609546	1.76170154299347	-3.4614126172318
193000000	194000000	-1.52070165076606	1.93283905742189	-3.30994095631059
194000000	195000000	-1.44314723225679	2.15287701296473	-3.12435226662454
195000000	196000000	-1.57911252923856	2.21277951749825	-3.06597996791546
196000000	197000000	-1.55519056834452	2.38395184372835	-2.91397255876061
