0	1000000	-2.03895485833271	-1.74260811734959	-1.81856290980899
1000000	2000000	-2.12872217755747	-1.79592983120138	-1.94445751527671
2000000	3000000	-2.25539984638386	-1.88277484460445	-2.00395030293998
3000000	4000000	-2.23335893968545	-1.97901282811916	-2.0888136254989
4000000	5000000	-2.18713630241706	-2.07504917955107	-2.39178566952546
5000000	6000000	-2.0975705670921	-2.16493092294929	-2.55157993312824
6000000	7000000	-2.03370182215772	-2.22827915065931	-2.280799176308
7000000	8000000	-1.94682345551489	-2.3684888754712	-2.27322798698974
8000000	9000000	-1.84353490855855	-2.4485028994401	-2.39214714011922
9000000	10000000	-1.89785864389467	-2.87029942872072	-2.81279620493231
10000000	11000000	-1.94529192292088	-3.05687051393745	-2.96467423465694
11000000	12000000	-1.88650010821995	-3.30169118279522	-2.99000158063953
12000000	13000000	-1.89983875485203	-3.21220626571102	-3.26181433241819
13000000	14000000	-1.82256940964569	-2.96664811399964	-3.37676567811671
14000000	15000000	-1.64053499888476	-2.94982869356231	-3.44454962225957
15000000	16000000	-1.30174222050986	-2.89191434118981	-3.28755306857983
16000000	17000000	-1.06095288163787	-3.15671105574224	-3.26080616827485
17000000	18000000	-0.780009521334458	-3.14504461740391	-3.14733081365044
18000000	19000000	-0.932673569306738	-3.52116039421526	-3.07424551205385
19000000	20000000	-1.02154198930633	-3.74001982626425	-3.0987830059479
20000000	21000000	-0.721733902758178	-3.81780947939416	-3.00700610829863
21000000	22000000	-0.714029065345622	-3.88395094154095	-2.68938709857397
22000000	23000000	-0.779038380494034	-3.74703973290734	-2.48206260061607
23000000	24000000	-0.964949255728444	-3.8478820609148	-2.37482543421993
24000000	25000000	-1.17915682452706	-3.53449381746771	-2.25897275177207
25000000	26000000	-1.3361359612633	-3.60831109870613	-1.96247760307198
26000000	27000000	-1.32522878341721	-3.81327443636179	-1.87333814816756
27000000	28000000	-1.33714537919286	-4.143607164249	-1.93354350689752
28000000	29000000	-1.36875421663964	-4.36173950797332	-2.02527537856358
29000000	30000000	-1.18923311548968	-4.48494204879197	-1.83153466612483
30000000	31000000	-1.30211948296369	-4.30512514182056	-1.61579316381694
31000000	32000000	-1.17247519838463	-4.37737019337199	-1.35215994836786
32000000	33000000	-1.4802901191002	-4.29159271249128	-1.30408571398019
33000000	34000000	-1.53685666084537	-4.32736550752771	-1.0388821247423
34000000	35000000	-1.46288367003783	-4.03423329914899	-1.03849188124302
35000000	36000000	-1.67608849364533	-3.82305453855656	-1.11427985283498
36000000	37000000	-1.73476744615577	-3.5875989133897	-1.00664290782649
37000000	38000000	-1.68118689890864	-3.32934024190115	-0.92912841671098
38000000	39000000	-1.63029968814746	-3.17666280589731	-0.90171268740178
39000000	40000000	-1.57500820833168	-2.95463898466493	-0.844824438661404
40000000	41000000	-1.43624275799374	-2.91658914104658	-0.849580622977001
41000000	42000000	-1.21189149181991	-2.87803115083714	-0.669391862270718
42000000	43000000	-0.924763572343978	-3.13668232801538	-0.623154373820519
43000000	44000000	-0.767588274677494	-3.22575676132004	-0.435394728932479
44000000	45000000	-0.571911775820752	-3.46920766053737	-0.569515288532985
45000000	46000000	-0.417759223361401	-3.61818816434397	-0.698438107648532
46000000	47000000	-0.502418877243643	-3.40790137292893	-0.937506643351477
47000000	48000000	-0.435210681161669	-3.25240678400706	-1.13631726019066
48000000	49000000	-0.31820169075524	-3.14918681683129	-1.37437636304377
49000000	50000000	0.0589746209323912	-2.46551584560673	-1.38835076310868
50000000	51000000	0.19759681457366	-2.32780147982429	-1.54317995334249
51000000	52000000	0.365897307835375	-2.38560387107021	-1.61184695130568
52000000	53000000	0.538799969326166	-2.55212298494284	-1.41014283797898
53000000	54000000	0.767102914713212	-2.40842747437605	-1.34176003942607
54000000	55000000	1.01603849350585	-2.52624321175597	-1.13105507693796
55000000	56000000	1.48144131734797	-2.73813393008249	-1.00766221547257
56000000	57000000	1.34683390332272	-2.91123603209501	-0.911467590880647
57000000	58000000	1.21219474556427	-2.77068320280696	-0.774526795084315
58000000	59000000	1.25162559945616	-3.00605559809493	-0.498871177104459
59000000	60000000	1.47016012204684	-2.94445054311813	-0.2870858003771
60000000	61000000	1.48919032858147	-2.72830650290999	-0.172335190046041
61000000	62000000	1.53247800117375	-2.54368003569624	-0.320639485473847
62000000	63000000	1.42018722411818	-2.23866959540126	-0.286382473856855
63000000	64000000	1.35948642006974	-2.08632305923566	-0.0619330697537706
64000000	65000000	1.10865510118961	-1.87924990665859	-0.086600033249597
65000000	66000000	0.807632230325182	-1.8132504357704	0.304012068805173
66000000	67000000	0.712033972469604	-1.83679559259869	0.60502596976416
67000000	68000000	0.630016691593618	-1.64268893870134	0.514176935830257
68000000	69000000	0.460585098086078	-1.5824163148595	0.443874127083774
69000000	70000000	0.412600124905587	-1.40160442103487	0.320260496834802
70000000	71000000	0.458958544903424	-1.26277655767883	0.133634691626564
71000000	72000000	0.466804505269931	-1.10373527127889	-0.133817697960863
72000000	73000000	0.373735805315484	-0.947932836573621	-0.283998615583681
73000000	74000000	0.129742305647536	-0.878578720711376	-0.310385343086578
74000000	75000000	0.17446083959732	-0.899561787379327	-0.850313148840457
75000000	76000000	0.148980492721839	-0.679881501028631	-0.966451479310053
76000000	77000000	0.287641019872272	-0.457273169169379	-1.19312621719198
77000000	78000000	0.350219896523884	-0.293346624174393	-1.39609131801013
78000000	79000000	0.648340644269844	-0.273668126855226	-1.31176545671692
79000000	80000000	0.905725230257377	-0.245457840062889	-1.35377965155339
80000000	81000000	0.951909057294034	-0.365723602393092	-1.07435357121512
81000000	82000000	1.16545416918223	-0.563272826850193	-1.13403940780962
82000000	83000000	1.3805102218551	-0.674841440835239	-1.24429879108433
83000000	84000000	1.71357695070036	-0.458479815578835	-1.26559993808547
84000000	85000000	1.76395083463418	-0.205573261584124	-1.15967499262312
85000000	86000000	1.9698957930168	-0.284990566681987	-1.05514500823884
86000000	87000000	2.13153553965314	-0.308544046111247	-0.83782292514589
87000000	88000000	2.38969797244564	-0.271763936268354	-0.720520151311892
88000000	89000000	2.67123943640238	-0.426911247681488	-0.525643825999675
89000000	90000000	2.8005677254429	-0.584829579976244	-0.55319307359912
90000000	91000000	2.74656951260851	-0.558523932151958	-0.283800218104891
91000000	92000000	2.60700711964362	-0.534179012047904	-0.0630777641733873
92000000	93000000	2.39230047385046	-0.410391358291853	0.116138406689892
93000000	94000000	2.74165093807819	-0.259731203270464	0.394794136606028
94000000	95000000	2.89808899730279	-0.40965146763906	0.58695316283236
95000000	96000000	2.81332761863915	-0.227433933204502	0.779143785987013
96000000	97000000	2.54093689527022	-0.289618349562582	0.762550947215855
97000000	98000000	2.33427544344401	-0.175333904652577	0.878875865642556
98000000	99000000	2.07624098642857	-0.238849552905255	1.03497931772073
99000000	100000000	1.88293906422729	-0.397229225739566	1.10142369667041
100000000	101000000	1.65707166673039	-0.246218196143091	1.08085809205642
101000000	102000000	1.51670473365388	-0.0761249776613317	1.10847579413729
102000000	103000000	1.15040761929823	-0.0256149516349307	1.02961043473825
103000000	104000000	1.05579942356589	0.134297645210256	1.04375971363079
104000000	105000000	1.28747859643523	0.342165403254277	0.861969073612771
105000000	106000000	1.24645410397577	0.591927125941104	0.742273655411003
106000000	107000000	1.27073663092949	0.721404343655784	0.487307702138141
107000000	108000000	1.18805926032377	0.83683632853059	0.282668567322447
108000000	109000000	1.33163759141823	1.01319682862078	0.0629245741051165
109000000	110000000	1.53660536605412	1.14639522635246	0.136903558478344
110000000	111000000	1.6290068568196	1.17772532457893	-0.0948546030182942
111000000	112000000	1.80005615748655	1.5285536940551	-0.0809681266279602
112000000	113000000	1.92868826248242	1.62809975637839	-0.0292804209708239
113000000	114000000	2.22841614068647	1.74326935376805	-0.027514117791606
114000000	115000000	2.21130308795408	1.89124093291324	0.244946050766692
115000000	116000000	2.00749645909712	1.97958045333035	0.425348772291158
116000000	117000000	2.07570221329208	1.76444737349217	0.565448981593535
117000000	118000000	2.06694145032221	1.67927540149366	0.906734704552197
118000000	119000000	2.07164309046655	1.6234178652499	1.1499985357327
119000000	120000000	1.88850971829438	1.619161672203	1.29045299796021
120000000	121000000	1.84659491928146	1.49625598143044	1.65360492846493
121000000	122000000	1.86829170867948	1.41220450463623	1.95626948417751
122000000	123000000	1.61849339597864	1.47655529522424	2.00757846146924
123000000	124000000	1.51664862834975	1.45324812192957	2.28252545865735
124000000	125000000	1.26041498326306	1.4137962757496	2.32773305205969
125000000	126000000	1.16293248783024	1.55320109458069	2.16409105761745
126000000	127000000	0.943883216989065	1.77391003324849	1.65215043051863
127000000	128000000	0.79557577093083	1.94061715797764	1.89421999166485
128000000	129000000	0.49273069370372	1.81242823186927	2.0307787685883
129000000	130000000	0.568664731132545	1.89993882164446	2.23653767301943
130000000	131000000	0.494085022763686	2.08343910951031	2.41528921042068
131000000	132000000	0.488841550357407	2.39003425097977	2.37626080681807
132000000	133000000	0.606537154878251	2.62325738651741	2.43405986160181
133000000	134000000	0.771503246140726	2.69800416715761	2.2504722077928
134000000	135000000	0.590729113612861	2.7542117105504	2.02239044766735
135000000	136000000	0.866746738394341	2.82566317715497	1.79675567447921
136000000	137000000	0.753587754509127	2.85017298710649	1.51613021472377
137000000	138000000	0.569423369724382	2.77780757633073	1.12968124464053
138000000	139000000	0.677402781197458	3.02804497544038	1.01778561593891
139000000	140000000	0.944043577998489	3.06920801497365	0.781233700626849
140000000	141000000	0.887968299817314	3.22349490579334	0.620663009225714
141000000	142000000	0.627842894736483	3.41818361835718	0.709895235534498
142000000	143000000	0.435300496738611	3.53543939783697	0.288706074241329
143000000	144000000	0.203091677826595	3.49988502419139	0.420064595547187
144000000	145000000	0.00823692600822928	3.48537424377798	0.477132421581162
145000000	146000000	-0.186806122505889	3.28840582029729	0.50183813902748
146000000	147000000	-0.222719937977304	3.02225188468265	0.483710358827402
147000000	148000000	-0.193376723561431	2.77888568528672	0.644139335912695
148000000	149000000	-0.24973208475849	2.55322861654245	0.316084969381795
149000000	150000000	-0.539364116645219	2.4349479419464	0.0831955447880412
150000000	151000000	-0.734036749270921	2.47444056180477	0.136364586189402
151000000	152000000	-0.830816900383535	2.46639943784215	0.320120678448488
152000000	153000000	-0.886807951373417	2.29943553609009	0.659882581212215
153000000	154000000	-0.868657449118808	2.20140504317517	0.967839917490117
154000000	155000000	-0.921952738038415	2.19412064676603	1.20929379462215
155000000	156000000	-0.963960971657965	1.99117067441748	1.39609966959045
156000000	157000000	-0.932385204195793	2.26549330436458	1.5522929279575
157000000	158000000	-1.10021813059379	2.42900138152734	1.73958912493614
158000000	159000000	-1.14254202048453	2.44411556608514	2.08235080024018
159000000	160000000	-1.24694115723234	2.55666009291091	2.24872491735941
160000000	161000000	-1.43337590174096	2.6289840308033	2.12312805325467
161000000	162000000	-1.66382114532887	2.62870667788938	1.94058655685656
162000000	163000000	-1.90067190896987	2.52815668003872	1.9759134165189
163000000	164000000	-2.09455435775953	2.46459370493209	1.70336070013958
164000000	165000000	-2.17084514535034	2.54655012273641	1.50983573407847
165000000	166000000	-2.30242549628595	2.66659938440973	1.60598215667152
166000000	167000000	-2.1808952326962	2.84592620990499	1.27746036570044
167000000	168000000	-2.13078628864952	2.89807660386465	1.09877798711609
168000000	169000000	-2.13239051097838	3.25886258477937	1.00857580006749
169000000	170000000	-2.12414107379135	3.49469438074338	0.945058629614935
170000000	171000000	-2.01370688341741	3.66261337068576	1.03327891091815
171000000	172000000	-2.01059683728793	3.91457980978148	1.17412403482816
172000000	173000000	-1.9132673640825	4.00446258225281	1.43485092466172
173000000	174000000	-1.97671058451511	4.04287527812303	1.66743344934349
174000000	175000000	-1.91572820600245	3.83908244538396	1.95415898614638
175000000	176000000	-1.78742481015168	3.90560233204474	2.12244536587924
176000000	177000000	-1.64544051565438	3.98020711211828	2.33700905636679
177000000	178000000	-1.50574812255646	3.93472473814679	2.18688758534754
178000000	179000000	-1.28290518470355	3.88894015837219	2.12732143409899
179000000	180000000	-1.07476118207313	4.06477866244777	2.1013401936139
180000000	181000000	-1.09694490350481	4.25796031695947	1.93663463212343
181000000	182000000	-0.863425124732234	4.25131936640634	1.73845445380747
182000000	183000000	-0.659079197892959	4.23812046097471	1.60031519701026
183000000	184000000	-0.469379976851478	4.24735867730929	1.72949320327569
184000000	185000000	-0.444652669597712	4.1761472126039	2.03668777190164
185000000	186000000	-0.499448708839773	4.21385999608431	2.25978225931386
186000000	187000000	-0.476463708795623	3.96576106781736	2.33132152109331
187000000	188000000	-0.536954060994029	4.00734427232036	2.54388425845149
188000000	189000000	-0.669155249995584	3.95503446358005	2.42293505214123
