0	1000000	0.552738799691447	0.577110695886858	3.15582127098895
1000000	2000000	0.515653665724344	0.553207864991817	3.32198851224401
2000000	3000000	0.448963344712848	0.549469184228756	3.61186457155743
3000000	4000000	0.45710295638287	0.55669804758122	3.81086131684453
4000000	5000000	0.602606832595194	0.610016193260708	3.82537320996441
5000000	6000000	0.81885061997913	0.680346987018341	3.70388472436148
6000000	7000000	1.08357306274811	0.727184159626262	3.64220930979815
7000000	8000000	1.31342593182832	0.781665468044028	3.64933080275696
8000000	9000000	1.52918877328355	0.740153967125572	3.71847369214008
9000000	10000000	1.60340637420972	0.596447133153551	3.78336777779627
10000000	11000000	1.64177254097174	0.479803766976553	3.93008078536856
11000000	12000000	1.6541969669717	0.410192056797911	4.14335251270107
12000000	13000000	1.63808456783441	0.330977716635343	4.2581004629268
13000000	14000000	1.45930406863828	0.253769168668513	4.2717609775997
14000000	15000000	1.27889355703029	0.291330316230544	4.32415920772172
15000000	16000000	1.15985144686113	0.496112175949612	4.45802132124418
16000000	17000000	1.1216794463778	0.730975104088658	4.67585875291413
17000000	18000000	1.04127554328168	0.912166406043889	4.84523789911172
18000000	19000000	0.916263985382697	1.00061744780399	5.04294815510868
19000000	20000000	0.77599586038574	0.986746854218706	5.12793304083117
20000000	21000000	0.630275770162375	1.00824985301761	5.0930002553895
21000000	22000000	0.432940672276078	1.01886584357383	4.89026079511574
22000000	23000000	0.195434342682878	1.06523324776402	4.73937814290372
23000000	24000000	0.0493828405054673	1.18614419733436	4.61604524042613
24000000	25000000	-0.0620028089811771	1.35987578269738	4.60740976980974
25000000	26000000	-0.0551342000917128	1.60803221321328	4.55251259352641
26000000	27000000	-0.115029561941703	1.82368646913055	4.49178535700099
27000000	28000000	-0.0156548617364965	1.99674631407115	4.47532785097231
28000000	29000000	0.137770845935941	2.07447769364508	4.42836888296107
29000000	30000000	0.328110239364958	1.97619556972555	4.30610750260969
30000000	31000000	0.446453867831233	1.94193832180322	4.01501727201285
31000000	32000000	0.473627290082203	1.97186916404753	3.7035477914163
32000000	33000000	0.396728010664772	2.16362373458632	3.48419887397421
33000000	34000000	0.392097053694415	2.33605532972605	3.33682697620408
34000000	35000000	0.385493649829252	2.57148092771762	3.24260260252493
35000000	36000000	0.577446459705146	2.76717947074139	3.16912646023902
36000000	37000000	0.686439864786114	2.91667398432443	3.27779041905037
37000000	38000000	0.88649264722421	2.94477698850984	3.50319533706501
38000000	39000000	1.09823675922309	2.95622008011829	3.80418301016238
39000000	40000000	1.34581670407294	2.88173366928373	3.99631993129836
40000000	41000000	1.55478224057877	2.77388300091126	4.01263812928701
41000000	42000000	1.67299519267728	2.55928736417678	3.95318557343105
42000000	43000000	1.7317567614592	2.39943657263963	3.72543112243487
43000000	44000000	1.84249777309288	2.25713217976758	3.54032478667533
44000000	45000000	2.01641671532394	2.2539582803325	3.32758792769948
45000000	46000000	2.27517354261271	2.38992187845533	3.29311369949457
46000000	47000000	2.05126288402579	2.28562924227598	2.90127797469537
47000000	48000000	1.72547465083498	2.08820083004458	2.42985362679119
48000000	49000000	1.33052453412591	1.72569824189391	1.87141265202334
49000000	50000000	1.27150290359716	1.66866589071036	1.63588144249638
50000000	51000000	1.1833580481864	1.70732616529044	1.44208789766994
51000000	52000000	1.03759687485536	1.86030944310678	1.2251150103955
52000000	53000000	0.877303039778269	2.01925944600866	0.992902738119428
53000000	54000000	0.7341644981866	2.17288927049035	0.850511824191982
54000000	55000000	0.570750227453055	2.31098445732798	0.789961139374736
55000000	56000000	0.398203311797829	2.34476576406638	0.898516879102436
56000000	57000000	0.188680601861552	2.23505112007895	1.01216111060123
57000000	58000000	0.0462286760825415	1.96245183749357	1.13376414258628
58000000	59000000	-0.088479418875882	1.80500871787285	1.23371484507288
59000000	60000000	-0.300673327230683	1.73584149446825	1.29613811301085
60000000	61000000	-0.560692452905124	1.80648739517578	1.29100488355039
61000000	62000000	-0.773075791057231	1.86151145290563	1.15418516348205
62000000	63000000	-0.905411943750454	1.84730434982805	0.891405574715756
63000000	64000000	-0.950465158271469	1.74983950220171	0.607166191008501
64000000	65000000	-0.963572748124767	1.52192111771185	0.346182292281462
65000000	66000000	-0.902568303409055	1.07479478932279	0.175654368806802
66000000	67000000	-0.855230935497462	0.879452454628255	0.111864771511497
67000000	68000000	-0.703573474508792	0.943499839627801	0.0172724295969817
68000000	69000000	-0.542708132695924	1.31164251226199	-0.0646168735963326
69000000	70000000	-0.282818066072388	1.44129033308019	-0.210985843515899
70000000	71000000	-0.0852117599471342	1.3407894911258	-0.289351319694112
71000000	72000000	0.0932376631447857	1.23984478429155	-0.432554546505908
72000000	73000000	0.199217129835285	1.23776889765767	-0.61116669420102
73000000	74000000	0.214995449225181	1.38333445930195	-0.821958053313875
74000000	75000000	0.13832629672847	1.47636392905469	-0.987288930366834
75000000	76000000	-0.0160790581219368	1.47002790986207	-1.14685219111763
76000000	77000000	-0.172473346222096	1.39167752478306	-1.30311046454726
77000000	78000000	-0.881822569539684	1.19495030189698	-1.78651424124405
78000000	79000000	-1.63558283052589	1.00928913020782	-2.18234737754382
79000000	80000000	-2.39834527346066	0.760657194175619	-2.54528161500754
80000000	81000000	-2.69510718678516	0.563646692481522	-2.52816165622837
81000000	82000000	-2.97183218112756	0.443173922091089	-2.46738250242685
82000000	83000000	-3.14812823407774	0.322882848305434	-2.37741880288047
83000000	84000000	-3.17587362685622	0.230426583410141	-2.21121272575912
84000000	85000000	-3.18387945540147	0.0579991213600127	-2.03012573784775
85000000	86000000	-3.22298041001023	-0.167706691662645	-1.82295743314074
86000000	87000000	-3.24791072140397	-0.313144811967533	-1.64095263863204
87000000	88000000	-3.18064855703104	-0.363330278196275	-1.42693347329896
88000000	89000000	-3.11822955927418	-0.36261606415863	-1.12573619882151
89000000	90000000	-3.06243458001714	-0.364077774347632	-0.804234321279964
90000000	91000000	-2.92315756296307	-0.390341001951377	-0.597324277164745
91000000	92000000	-2.74180111057869	-0.298974882435961	-0.522324540220497
92000000	93000000	-2.59664295260584	-0.106128776712395	-0.489207528326876
93000000	94000000	-2.62519238760983	0.13044941193297	-0.463991643912679
94000000	95000000	-2.76568713203099	0.38722132233326	-0.45074244070023
95000000	96000000	-2.81610843391991	0.589375221438863	-0.526357780353791
96000000	97000000	-2.80042120981004	0.793839999351084	-0.66738974328068
97000000	98000000	-2.72098036217253	0.938191295934001	-0.836176658422914
98000000	99000000	-2.62875878602425	0.981207017289427	-1.05471705219091
99000000	100000000	-2.50346473097846	0.888475432757805	-1.23009240455485
100000000	101000000	-2.28801353763074	0.879534729843859	-1.38763249434138
101000000	102000000	-2.06811178864287	0.916833927355968	-1.48519481806339
102000000	103000000	-1.8495051374994	0.944283179554845	-1.59446795051075
103000000	104000000	-1.7162479219716	0.831762579667704	-1.58041747464917
104000000	105000000	-1.61151645199833	0.639264427651927	-1.51066970158699
105000000	106000000	-1.55655301069213	0.443973231989657	-1.3805716783152
106000000	107000000	-1.48639088179747	0.315438410642306	-1.28117543858675
107000000	108000000	-1.37249211532229	0.151430298720349	-1.25248455929429
108000000	109000000	-1.2091995492647	0.014028500159838	-1.23766849012882
109000000	110000000	-1.04839596870858	-0.246123207217531	-1.34634037056661
110000000	111000000	-0.992874078756976	-0.522661264348012	-1.40587273161293
111000000	112000000	-1.07048314697381	-0.734626996412167	-1.5230966569188
112000000	113000000	-1.18619567825491	-0.887766120478097	-1.68284500629932
113000000	114000000	-1.33805728660565	-0.905367664502741	-1.88524912695999
114000000	115000000	-1.39194726713324	-0.879269828950886	-2.10578057398265
115000000	116000000	-1.36981102125425	-0.824358389016706	-2.27653517687132
116000000	117000000	-1.26918563626685	-0.691339193875832	-2.4687522945226
117000000	118000000	-1.28661061457181	-0.670696447663241	-2.69452475668786
118000000	119000000	-1.30047381165699	-0.703644786987002	-2.90194790813747
119000000	120000000	-1.28543350247441	-0.868043391616331	-3.08684973366387
120000000	121000000	-1.16593338764082	-0.889005990495475	-3.30468798027594
121000000	122000000	-1.06003812991269	-0.90269790886434	-3.52602341707162
122000000	123000000	-0.941404571413044	-0.830629133638961	-3.63598916781086
123000000	124000000	-0.756625539397285	-0.816525715802714	-3.52150852491092
124000000	125000000	-0.549490200263026	-0.727307676238137	-3.39285118130134
125000000	126000000	-0.402760948080489	-0.598408245351724	-3.26594350033496
126000000	127000000	-0.244921067060414	-0.453100421407094	-3.17224781998128
127000000	128000000	-0.0815423928152142	-0.366318290158755	-3.00041971886197
128000000	129000000	0.179725165825743	-0.380624341884275	-2.87843549925569
129000000	130000000	0.414548152877672	-0.430031374772499	-2.80049028698969
130000000	131000000	0.620406875158072	-0.482793580906681	-2.793065539017
131000000	132000000	0.803628509789861	-0.535176518575529	-2.82075743329728
132000000	133000000	1.02681376097566	-0.640461642127232	-2.87721973861547
133000000	134000000	1.22585627761866	-0.811051705703102	-2.88518328408288
134000000	135000000	1.25120368593728	-0.931127632824826	-2.72805634546644
135000000	136000000	1.15125986981113	-1.05716336490786	-2.52569453265387
136000000	137000000	0.9465650768093	-1.15299571131541	-2.37961943726713
137000000	138000000	0.7614303968826	-1.34903193216666	-2.4162282436127
138000000	139000000	0.585947911701756	-1.53845718867374	-2.54404152732323
139000000	140000000	0.480939792264847	-1.68856960003615	-2.73655793076776
140000000	141000000	0.426107163657785	-1.79493500657948	-2.93031706833247
141000000	142000000	0.349160737932574	-1.93857772485871	-3.10160594886911
142000000	143000000	0.369643539085646	-2.09896966282641	-3.12314081218687
143000000	144000000	0.456794114458056	-2.31287831847408	-3.11206957968336
144000000	145000000	0.532962401678642	-2.52501287207736	-2.96291740920832
145000000	146000000	0.517228904562759	-2.62337423834188	-2.80834922293543
146000000	147000000	0.405206031723418	-2.58379084101701	-2.52019097673384
147000000	148000000	0.344901607682191	-2.53280524054327	-2.2672039168333
148000000	149000000	0.212841868643682	-2.60479245024848	-2.10203862138808
149000000	150000000	0.106023676656548	-2.82162772444065	-2.09750569359267
150000000	151000000	0.0770592468400054	-2.99497794176234	-2.12587542352426
151000000	152000000	0.174327885659931	-3.22973969955647	-2.19359105587424
152000000	153000000	0.348440551326396	-3.40011384337654	-2.16068053710744
153000000	154000000	0.470281360134959	-3.482479607781	-2.0844254972102
154000000	155000000	0.578654303715502	-3.42078072256974	-1.85584818660612
155000000	156000000	0.699971591768105	-3.33799936702292	-1.6609390811944
156000000	157000000	0.839105134905352	-3.36960394608303	-1.56607471651364
157000000	158000000	1.01682372789533	-3.49602198740336	-1.57377360670718
158000000	159000000	1.15749842523158	-3.70334499179355	-1.67107293960142
159000000	160000000	1.28451768612623	-3.82774505108228	-1.77198408580254
160000000	161000000	1.37464321825304	-3.82696639032474	-1.98378446830879
161000000	162000000	1.53891952418601	-3.72840295049118	-2.143074927689
162000000	163000000	1.68493492998553	-3.59019370870358	-2.18758098583285
163000000	164000000	1.78869717842554	-3.4553116525301	-2.18782074831792
164000000	165000000	1.74467170536827	-3.25586309269573	-2.16682500979278
165000000	166000000	1.67111372370993	-3.03238729836845	-2.13069842328555
166000000	167000000	1.59415969341503	-2.77909028554502	-1.99569645497065
167000000	168000000	1.50663097971648	-2.51146335120768	-1.83907747004701
168000000	169000000	1.41899876982883	-2.32505274929536	-1.68745940047642
169000000	170000000	1.35716464314975	-2.20210838732365	-1.51564036439981
170000000	171000000	1.40806773548017	-2.23534041288867	-1.34328574737127
171000000	172000000	1.51963896939937	-2.28535079691143	-1.21384918974359
172000000	173000000	1.63803002731268	-2.26713235279041	-1.13407138108795
173000000	174000000	1.69644586266839	-2.13272951067317	-1.04779950240214
174000000	175000000	1.82698517491982	-1.99160532979984	-1.0483046880043
175000000	176000000	1.96271253272495	-1.81374269901336	-1.08950556519977
176000000	177000000	2.12734160473945	-1.77991485812065	-1.18239224929266
177000000	178000000	2.17890070312597	-1.74504472445511	-1.2826037264243
178000000	179000000	2.19865814344742	-1.8357990291974	-1.31384358049804
