0	1000000	-2.49692293042339	2.49669627946294	-1.29813149446893
1000000	2000000	-2.38028493563705	2.46381326641949	-1.50261688592768
2000000	3000000	-2.21306027306934	2.57894384859588	-1.44680376527316
3000000	4000000	-2.04809456042463	2.91236212849489	-1.51683551009145
4000000	5000000	-1.88905034005317	3.05694129404874	-1.66561498013552
5000000	6000000	-1.57620352192142	2.96954877186652	-1.72523724214979
6000000	7000000	-1.29851977101842	3.00082584285794	-1.66254433834407
7000000	8000000	-1.07862806005689	2.87496545998462	-1.52757285136988
8000000	9000000	-0.581300528580209	2.73412163409579	-1.4097445274716
9000000	10000000	-0.370685882534872	2.66873260016644	-1.25070458304791
10000000	11000000	-0.569608968284468	2.58222741053307	-1.17719260269811
11000000	12000000	-0.906893152964939	2.31958447718198	-0.981323108114043
12000000	13000000	-1.05445931882183	2.24650740503544	-0.942673041360915
13000000	14000000	-1.24619903528042	2.32653007731983	-0.784281416997807
14000000	15000000	-1.270830887249	2.37453234997758	-0.40959532818832
15000000	16000000	-1.17184215723151	2.55518643021117	-0.307121278941799
16000000	17000000	-0.990008069879965	2.69599709012014	-0.27771243121844
17000000	18000000	-0.68911756557226	2.84775187962348	-0.251164378677501
18000000	19000000	-0.319892230042625	3.12972814784658	-0.429340960145419
19000000	20000000	0.0117168487235148	3.21524751444592	-0.244202318483245
20000000	21000000	-0.320040988124492	3.43727992958254	0.00655076811754597
21000000	22000000	-0.273426164826913	3.61923091576485	0.137326828525873
22000000	23000000	-0.139510574051903	3.82253529061806	-0.011252682510451
23000000	24000000	-0.36078891990766	3.89400590755625	-0.18372343818084
24000000	25000000	-0.698811199990472	3.78589198254573	0.0439115431326005
25000000	26000000	-1.24003248283226	3.78720230917361	0.316384112299779
26000000	27000000	-1.77630075627795	3.88765108558474	0.356187481290763
27000000	28000000	-1.91567998865053	4.02679552987241	0.405890793223048
28000000	29000000	-2.17385409572173	3.88743754112693	0.398974068279509
29000000	30000000	-2.377337333785	3.86550152494336	0.606562052793183
30000000	31000000	-2.64718070665728	3.88711920399112	0.64203583174531
31000000	32000000	-2.81722279155668	3.85387422064021	0.648812554691881
32000000	33000000	-3.10972125367209	3.83821159561377	0.773152942021226
33000000	34000000	-3.15572865863082	3.68382146485104	0.800581322267824
34000000	35000000	-3.23873107918696	3.44989451883113	0.85270579040064
35000000	36000000	-3.25528210259196	3.28718478404591	0.918625432692116
36000000	37000000	-3.23765752331495	3.06230040838625	0.914117556965015
37000000	38000000	-3.08971240435173	2.77957157210561	0.844007501508704
38000000	39000000	-3.11277218919006	2.56254132654652	0.779607779349381
39000000	40000000	-2.92024607757569	2.24938532362182	0.844381088370019
40000000	41000000	-2.70296034666027	2.11771663739975	0.728642265187298
41000000	42000000	-2.54167520026292	2.41585575623274	1.02068490637943
42000000	43000000	-2.30897994037859	2.38066606203001	1.04357382723586
43000000	44000000	-2.10283599127032	2.33926766892907	1.17377526507572
44000000	45000000	-1.8772294607075	2.28980871362807	1.31167908985947
45000000	46000000	-1.55702989460864	2.12694890846301	1.42688581314998
46000000	47000000	-1.3237792672872	1.99094027102861	1.68164739543496
47000000	48000000	-0.98674913246386	1.94078347223657	1.92717705963779
48000000	49000000	-0.742876580677394	1.90514241870489	2.24528978928265
49000000	50000000	-0.683177108182794	2.20961421420459	2.36464985547622
50000000	51000000	-0.298716197151139	2.38822898117054	2.21521292670222
51000000	52000000	-0.117710872719659	2.35535319126314	1.86460537606923
52000000	53000000	-0.143492961266632	2.32840439016655	1.51428575039414
53000000	54000000	-0.174085423214187	2.09140549477824	1.26009640858187
54000000	55000000	0.0124513531711359	1.87853573097698	1.22958536698295
55000000	56000000	0.247904887803018	1.58659985945819	1.37803494657187
56000000	57000000	0.0350079182681533	1.38558333275264	1.75761252899658
57000000	58000000	0.306283194985022	1.32217965377769	2.00789362425232
58000000	59000000	0.872455855941344	1.53930556626929	1.71608790737356
59000000	60000000	1.51413195898455	1.19960438582155	2.18620958188244
60000000	61000000	1.16581875368506	0.857597656013122	2.33967298037539
61000000	62000000	0.854925378068663	0.684580194175689	2.43045032500704
62000000	63000000	0.864270511317549	0.414073778270973	2.27054375888502
63000000	64000000	0.693457543260525	0.228014616892514	2.54113620089297
64000000	65000000	0.733567599481052	0.134604887662339	2.85276812583187
65000000	66000000	1.03412261394577	-0.0408828097866512	2.74377668525922
66000000	67000000	0.744520988024104	-0.292178659852765	2.71511438526441
67000000	68000000	0.616169396091182	-0.317604275926549	2.3713035838666
68000000	69000000	0.34743969366698	-0.435152756815897	2.03926388960041
69000000	70000000	0.26327268265595	-0.429716097102789	1.68412276714118
70000000	71000000	-0.11215936005714	-0.142474158207958	1.7876558382115
71000000	72000000	-0.418881834755651	-0.123977804005331	1.64424642370389
72000000	73000000	-0.569627460519349	-0.254165524437868	1.92276174898509
73000000	74000000	-0.75865115297823	-0.262154001991148	2.10061332622114
74000000	75000000	-0.57307304300485	-0.50327674245323	2.28474000583508
75000000	76000000	-0.502303045788739	-0.695746183330687	2.59589091835145
76000000	77000000	-0.510477302463876	-1.03564312507057	2.69656865060415
77000000	78000000	-0.631994253183942	-1.12480063081943	2.94342400835562
78000000	79000000	-0.855931537494298	-1.28163335609738	2.75351560304261
79000000	80000000	-1.01328659767824	-1.52675045739342	2.46522532821539
80000000	81000000	-1.20051509966181	-1.63103549939236	2.61580253893187
81000000	82000000	-1.39250199590287	-1.34370746409796	2.33332663044838
82000000	83000000	-1.64778680264599	-1.30088310446472	2.12480610455636
83000000	84000000	-1.74217226403277	-1.17827032663524	1.92219075900381
84000000	85000000	-1.67221197249429	-1.20312442176061	1.62596102359145
85000000	86000000	-1.57366595761318	-1.08172289179293	1.33259499860207
86000000	87000000	-1.60030571385604	-0.959340159639864	0.91900714830671
87000000	88000000	-1.53643317485614	-1.09911807815296	0.8407170308441
88000000	89000000	-1.45586026035911	-1.36467351062773	0.85013928106178
89000000	90000000	-1.23428422080199	-1.76970558840303	1.06243572510792
90000000	91000000	-1.31581161301237	-2.09748077154786	1.18091041965028
91000000	92000000	-1.25700702666245	-2.3974955554612	1.29260565378345
92000000	93000000	-1.11176239742334	-2.62612569208985	1.54629946094933
93000000	94000000	-0.89507549863383	-2.52337192205724	1.31942955744085
94000000	95000000	-0.395621858720413	-2.42166874276783	1.401971084918
95000000	96000000	-0.215524978556053	-2.22818510220567	1.12191116388815
96000000	97000000	0.047167835236112	-2.15588500665425	0.853867862012308
97000000	98000000	-0.10635042411048	-2.11756459931727	0.63021517915978
98000000	99000000	-0.512915112180626	-2.06579833051702	0.289661151973288
99000000	100000000	-0.532756225891189	-2.28082800385597	0.0452834344703817
100000000	101000000	-0.65572744367308	-2.58252219220588	-0.0437493472725651
101000000	102000000	-0.6819054939105	-2.52319452409452	-0.362339561269412
102000000	103000000	-0.956911437647917	-2.23824517953859	-0.303047337466809
103000000	104000000	-0.67482706359588	-1.65677603028545	-0.383623452062803
104000000	105000000	-0.823464740084651	-1.40972873903782	-0.644792395747793
105000000	106000000	-0.802645185990475	-1.06252359075603	-0.826106497979926
106000000	107000000	-0.653220983791659	-0.834446924678128	-0.960318437200306
107000000	108000000	-0.392460974336424	-0.781566775359688	-1.03447584705231
108000000	109000000	-0.0787437502683622	-0.658286025119959	-0.944428202551297
109000000	110000000	0.15761162691979	-0.838479921720044	-0.921500072458227
110000000	111000000	0.321417770659254	-0.936660943384757	-0.488378082656329
111000000	112000000	0.604527538416817	-1.0531004613844	-0.252251774648834
112000000	113000000	0.792372882125735	-1.14158816548371	-0.3792484606053
113000000	114000000	1.20482094059164	-1.19332059548484	-0.10743118828576
114000000	115000000	1.05739556492873	-1.44189302119978	-0.180205928329422
115000000	116000000	0.991736178686771	-1.85187199943292	-0.0240069546845075
116000000	117000000	0.978040087395497	-2.08064023393952	-0.173437437242979
117000000	118000000	1.01591311596914	-2.47223462911501	-0.112569082021533
118000000	119000000	1.08305940768633	-2.72935437836556	-0.16992922974281
119000000	120000000	0.93634264305956	-2.88435312516867	-0.268039195092161
120000000	121000000	1.1212479698264	-3.10073366310266	-0.393494125715445
121000000	122000000	1.17533396232297	-3.15777838113604	-0.844419129870216
122000000	123000000	1.06708050352108	-3.26602540518391	-1.13163679601755
123000000	124000000	0.876637693170561	-3.10303573886373	-1.31501332939387
124000000	125000000	0.62705260045915	-2.93833012246325	-1.51349787318236
125000000	126000000	0.491721687295474	-3.00059731942828	-1.83850165416305
126000000	127000000	0.229237555180274	-2.70902312033288	-1.84360707190423
127000000	128000000	0.0953815823305111	-2.44203086368589	-1.93164946849401
128000000	129000000	0.316752663902116	-2.23761870383992	-2.16719130009357
129000000	130000000	0.21920627835185	-2.03062180073954	-2.36974749523511
130000000	131000000	0.500675950892128	-1.77162101693283	-2.49190810832547
131000000	132000000	0.687400213099599	-1.53027807094825	-2.39507093758693
132000000	133000000	0.646018901414263	-1.24779904663088	-2.29308075024281
133000000	134000000	0.640156008971986	-1.02916051190584	-2.43403958945833
134000000	135000000	0.916940627526323	-0.942572511639074	-2.5048566238851
135000000	136000000	1.2490515774316	-0.647367501873244	-2.52332943637434
136000000	137000000	1.42004546591214	-0.779865264445419	-2.62974494335659
137000000	138000000	1.78093686122678	-0.590509647492261	-2.52924761480167
138000000	139000000	2.04064938914312	-0.498695072393578	-2.46370255936085
139000000	140000000	2.20926431311484	-0.478661287970899	-2.34303363854997
140000000	141000000	2.15056127074508	-0.666538589571373	-2.06948297044555
141000000	142000000	1.80808332232142	-0.836000481838447	-1.8024895710671
142000000	143000000	1.95985940093508	-0.724084080589951	-1.5688829688723
143000000	144000000	2.1408328300427	-0.630508757002155	-1.30224517959483
144000000	145000000	2.46656394852015	-0.708503729837454	-1.3414843763484
145000000	146000000	2.41136924616443	-1.03840550403894	-1.14494725938121
146000000	147000000	2.29938746453729	-1.31390237905103	-1.22369409253385
147000000	148000000	2.16631491836544	-1.5970831175552	-1.44845550293098
148000000	149000000	2.02869324992517	-1.75517945475201	-1.60186119397395
149000000	150000000	2.03717352468169	-1.93777380877365	-1.80444959077888
150000000	151000000	2.14323074875059	-2.24842246914955	-1.97384556971317
151000000	152000000	2.24568923240403	-2.52568384010642	-2.25107026750294
152000000	153000000	2.2702627008098	-2.42657941669419	-2.45958933089477
153000000	154000000	2.39219097981081	-2.23575376154699	-2.68653433412805
154000000	155000000	2.651850562584	-2.24301562271539	-2.79374365310915
155000000	156000000	2.63359808176887	-2.00436201803729	-2.6021146103453
156000000	157000000	2.99980371234664	-2.050471586223	-2.36394069093543
157000000	158000000	3.14074408294713	-2.12633237041776	-2.0831130008489
158000000	159000000	3.14804812903058	-2.07498573621462	-1.69206324321189
159000000	160000000	3.23592532493812	-2.29775342486812	-1.37476531476063
160000000	161000000	3.36897553205165	-2.49847074700856	-1.12381875244749
161000000	162000000	3.70438613820705	-2.41803251985433	-1.16232327480566
162000000	163000000	3.67864361381307	-2.43451168820258	-0.908746083257845
163000000	164000000	3.45845168252396	-2.19737891365929	-0.971003194881719
164000000	165000000	3.27613025422144	-2.00528590255575	-1.00081776926396
165000000	166000000	3.14288074960589	-1.78970822742802	-1.02161220712051
166000000	167000000	3.38997272529277	-2.09662364515739	-0.552483362108998
167000000	168000000	3.36781134807246	-1.87498133524532	-0.450689203960356
168000000	169000000	3.10164376517345	-1.88690919640544	-0.513069231148003
