0	1000000	1.42861022805989	0.267358736004784	-0.956721843625826
1000000	2000000	1.57389103822894	0.499742259477276	-1.11345812143412
2000000	3000000	1.78113025344377	0.548582163650266	-1.249849137087
3000000	4000000	2.31614280285554	0.424911564366019	-1.22435391204057
4000000	5000000	2.3202833369148	0.758715269087667	-1.19446272443237
5000000	6000000	2.08409749149961	1.06092276349401	-1.45845400986204
6000000	7000000	2.20921035992711	1.22350033895718	-1.72211835593433
7000000	8000000	2.67919164876977	1.59090166714358	-1.7640593106986
8000000	9000000	3.09469758790549	1.52296058581523	-1.77939445799122
9000000	10000000	3.76912517336823	1.30604489631559	-1.44981471940666
10000000	11000000	3.80497987745442	1.62111956949075	-1.69994364483161
11000000	12000000	3.6584321148205	2.05634300055588	-1.4576350133906
12000000	13000000	4.00776561499564	2.37701459675072	-1.25943412300297
13000000	14000000	3.96426361576269	2.77666821439123	-0.962969113040002
14000000	15000000	3.99470211682518	2.6519801112265	-0.543283866578158
15000000	16000000	3.86114356694392	3.12273965690887	-0.583152973598052
16000000	17000000	3.38125533817981	3.18731236221981	-0.861704953566746
17000000	18000000	2.84536646128979	3.19047280303581	-1.03066939178587
18000000	19000000	2.75458658925682	3.67013179760207	-1.19518574701014
19000000	20000000	2.44212984455234	3.75955797317565	-1.55929107909803
20000000	21000000	2.22649792682473	3.47840501422998	-1.82642748487356
21000000	22000000	1.96711033769481	3.32221176008281	-1.98873537661893
22000000	23000000	1.89168725374318	2.89733084867987	-2.22241050707062
23000000	24000000	1.51414532542837	2.69735037420828	-2.06207437075521
24000000	25000000	1.12127538567695	2.56292171895327	-2.14710247127809
25000000	26000000	0.836810449131483	2.8561801769256	-1.83525772936393
26000000	27000000	0.409320841293786	3.00529550266057	-2.00264187443319
27000000	28000000	0.358968039218713	3.49536321076673	-1.89423188454297
28000000	29000000	0.0452014004482479	3.41416217352346	-1.39512674041534
29000000	30000000	0.494412725042702	3.31848650131425	-1.06421175503497
30000000	31000000	0.293666709438289	2.96778783497929	-0.819783192711266
31000000	32000000	0.343143866005164	3.26552401008415	-0.335807511467966
32000000	33000000	0.637518530095605	3.24368573715868	-0.078159681219731
33000000	34000000	0.492270243997407	3.74658053769937	0.401106744716
34000000	35000000	1.03967156859603	4.15085826842087	0.348668984836451
35000000	36000000	1.23605399598772	3.81310142625962	-0.169542685275873
36000000	37000000	1.57604390044141	3.46122600327244	-0.141287896706684
37000000	38000000	1.67251050731323	3.28765809217925	0.171984652322489
38000000	39000000	1.91416926514587	3.27819172332963	0.555516673338877
39000000	40000000	1.90169354876934	3.02219672581948	0.874059334093529
40000000	41000000	1.76826616134185	2.6383322724495	1.35735777023768
41000000	42000000	1.45538328416914	2.44441041965082	1.58802028171004
42000000	43000000	1.19604770351037	2.31604145247986	1.02895422345705
43000000	44000000	1.16978684195319	2.19437749777676	0.639876540548639
44000000	45000000	1.03357660728605	1.78592634588672	0.184879794763542
45000000	46000000	1.32951469445427	1.62176909252395	0.183925373375639
46000000	47000000	1.66607443847951	1.48249953723617	0.0989971462986692
47000000	48000000	1.80201198760885	1.69041288791189	0.337902205743883
48000000	49000000	2.39557368633973	1.78281782298396	0.547585946905013
49000000	50000000	2.78465803278203	1.72307483992834	0.704949729587832
50000000	51000000	2.32144287254599	1.3256226836295	0.944148266557456
51000000	52000000	2.62808682771859	1.28577596654097	1.32758335211611
52000000	53000000	2.92183099534936	1.34951411668266	1.73111111143496
53000000	54000000	2.86353704525529	0.89267788832079	1.74405445876453
54000000	55000000	2.37467217193977	0.979733521282901	1.88763652251812
55000000	56000000	1.93652698116214	0.788182277838378	1.66507552631411
56000000	57000000	2.15978131733475	0.343751220569681	1.71234236374639
57000000	58000000	2.47985400403679	0.0179423966901592	1.62906064089798
58000000	59000000	-0.079311080653016	-0.713336025753902	0.882212164103769
59000000	60000000	2.5310441496836	-0.460363984013227	3.03249532950443
60000000	61000000	1.34896227867822	-0.298631044177483	2.84778450775403
61000000	62000000	0.939105225130456	0.0096246279389408	2.10133013141079
62000000	63000000	0.7653551130749	0.0544320902540585	1.74324814753327
63000000	64000000	0.692592226825375	-0.0559542886276333	1.250841999773
64000000	65000000	1.0761813662698	-0.504953864645432	1.31437013915461
65000000	66000000	1.35860652072481	-0.72743841450341	1.3096424439929
66000000	67000000	0.976337417623039	-0.734439475813216	1.01490149033799
67000000	68000000	0.939478467509132	-1.08155839936378	1.16364350756943
68000000	69000000	1.21153555395325	-0.883673564068403	1.72819244209878
69000000	70000000	0.946343885001482	-0.781282962607818	1.87944479120178
70000000	71000000	-0.962517314070484	-1.20632754425441	0.447249522393799
71000000	72000000	-1.09195416151674	-1.04488116312627	0.433881202615547
72000000	73000000	-1.17305834360634	-1.20674560248084	0.426696844195824
73000000	74000000	-0.813312191782194	-0.880792551604288	0.65660535913802
74000000	75000000	-0.745933592954545	-0.987250277293006	1.09981056910077
75000000	76000000	-0.524489085632465	-0.858822631892382	1.53515890396406
76000000	77000000	-0.154448352512617	-1.26017603103372	2.00933940764276
77000000	78000000	-0.30481185757101	-1.11917414179224	2.54561445638931
78000000	79000000	-0.436893626332383	-0.674809106274711	2.49446161980647
79000000	80000000	-0.571430069435667	-0.124848850399597	2.47611156305231
80000000	81000000	-0.510078016954573	-0.495584341102594	3.07530968467162
81000000	82000000	-0.947232535662685	-0.658469209884005	3.28397943051913
82000000	83000000	-1.49685684303581	-0.944827737664396	3.25741059984871
83000000	84000000	-1.63460237662528	-0.86639262320019	2.77382372509575
84000000	85000000	-1.58371593439459	-0.343731860433894	2.62186984569574
85000000	86000000	-2.01513169454781	0.0282829380216513	2.60955324976561
86000000	87000000	-2.20754859590598	0.378011734107669	2.66396631685156
87000000	88000000	-1.94061092659317	0.636796379671077	2.4242690969492
88000000	89000000	-2.02774705027392	0.675486273417731	1.9081513100544
89000000	90000000	-1.98011612508868	0.5253871808436	1.43156832879618
90000000	91000000	-2.33114249753285	0.354953050639285	1.22032022443405
91000000	92000000	-2.81899361318258	0.332312324093946	1.10869833846742
92000000	93000000	-2.78917592418736	0.446474202053223	0.586060181736099
93000000	94000000	-2.34422162202786	0.717131399702973	0.454924746891597
94000000	95000000	-2.3367502424427	0.741728685416372	0.0660690264605812
95000000	96000000	-1.87303178230999	0.727334349764465	0.0581814417966695
96000000	97000000	-1.4449636836964	0.528264299996258	-0.289756726197839
97000000	98000000	-1.07841192350908	0.494486628551886	-0.387704398554205
98000000	99000000	-0.862502254036696	0.263989214936541	-0.371761283250189
99000000	100000000	-0.714031493487957	0.0448904375700181	-0.36771164659832
100000000	101000000	-0.769790995934406	-0.736825479163239	-0.410361163082693
101000000	102000000	-1.05307557324872	-0.984224419303991	-0.470015975548003
102000000	103000000	-1.32689530672979	-0.644217467256594	-0.171384141179043
103000000	104000000	-1.6896558239393	-0.842727402822526	-0.0539913227821319
104000000	105000000	-1.68587439331879	-1.22488253909124	0.0147030960131625
105000000	106000000	-1.53061345428826	-1.63221986222489	0.0243392063768686
106000000	107000000	-0.951397989818761	-2.09195715865112	0.809228018485074
107000000	108000000	-1.24843111725399	-2.40841674901977	0.863273448911235
108000000	109000000	-1.47045213088312	-2.14040365267733	0.497676827722864
109000000	110000000	-1.47889919947583	-1.91577263044997	0.933460227658117
110000000	111000000	-1.81016526104293	-1.95656014469174	1.15203082246017
111000000	112000000	-2.11294035968071	-1.46144911879114	1.33591418102117
112000000	113000000	-2.01248633568873	-1.2320461434214	1.0819684345182
113000000	114000000	-2.50433684756055	-1.31492809802799	0.93977266997432
114000000	115000000	-2.68759970953692	-1.40572761424574	0.476875516210751
115000000	116000000	-2.82676911069379	-1.8575786886601	0.822294001434961
116000000	117000000	-2.74291790624023	-2.28791869930745	0.633833649206039
117000000	118000000	-2.60641039025557	-2.27072625766528	0.202224024633364
118000000	119000000	-2.64799553761486	-2.65929519076846	0.0427551160966096
119000000	120000000	-3.15575827058739	-2.7989412643256	0.0616560976779792
120000000	121000000	-3.48604977836007	-2.70361436951877	-0.272380073797117
121000000	122000000	-3.45324060926561	-2.40225399462872	-0.959350281850299
122000000	123000000	-3.65283173503958	-2.00296230404438	-0.937300674448985
123000000	124000000	-3.52146356719332	-1.59756619717431	-0.803322995640584
124000000	125000000	-3.14415782251834	-1.73584938657188	-1.04216297785203
125000000	126000000	-2.68055575393869	-1.06158795662776	-1.36595952855282
126000000	127000000	-2.35196838260386	-0.683429134375431	-1.68998461616506
127000000	128000000	-2.15450554617708	-0.410962627276591	-1.92881236670155
128000000	129000000	-1.88183210656321	-0.553927156547132	-2.11061253084207
129000000	130000000	-1.96330725151988	-0.760690883239798	-2.72046164811392
130000000	131000000	-1.72454588000582	-1.13647021927652	-2.73604393607536
131000000	132000000	-2.13865619042588	-1.31477113467213	-2.57054985356517
132000000	133000000	-2.14251824825612	-1.75179517774616	-2.48687274686685
133000000	134000000	-2.37054298263877	-2.47738000271932	-2.38362693462589
134000000	135000000	-1.93655218279586	-2.7135106291715	-2.33417857681625
135000000	136000000	-1.43183591302492	-2.34370053459852	-2.40138731523962
136000000	137000000	-1.2432501491307	-1.87225267070673	-2.11608923142275
137000000	138000000	-1.36952291789334	-1.84362153777896	-1.82660172030499
138000000	139000000	-1.46656643216746	-2.18938978110564	-1.44452071689563
139000000	140000000	-1.75091243278755	-2.60809208439644	-1.37046423668111
140000000	141000000	-1.6326538612847	-3.10533024161543	-1.37868130708979
141000000	142000000	-1.32686336167115	-3.35217431846634	-0.869603582678753
142000000	143000000	-1.08428172569656	-3.84328490159165	-0.771073306848256
143000000	144000000	-0.854993928541859	-3.68826342109051	-0.425280846483222
144000000	145000000	-0.387799060029846	-3.74651205557409	-0.545132020088717
145000000	146000000	-0.404178677080259	-3.34428956498037	-0.851223616865074
146000000	147000000	-0.471896329159948	-2.70564677801584	-1.17019219756899
147000000	148000000	-0.303629080779335	-2.26676735782844	-1.30991007908908
148000000	149000000	-0.0417323711324329	-2.18515891527698	-1.20633858610511
149000000	150000000	0.23608871095786	-2.44059196641997	-1.17723009206785
150000000	151000000	0.389142461923699	-3.14377093806367	-0.615440746539181
151000000	152000000	0.47997987560051	-3.14003008342492	-0.272377679285328
152000000	153000000	0.650627565394344	-2.74012418370323	-0.639511811518023
153000000	154000000	0.693222629462494	-2.4124691227525	-0.502079500578131
154000000	155000000	0.39696181558528	-2.18925965229331	-0.525342484378005
155000000	156000000	0.400714539980998	-2.72018928443463	-0.0127355809945183
156000000	157000000	0.218252465044054	-2.55497118329421	-0.149714355442091
