0	1000000	-0.410072693340539	3.43663532845575	0.103626307051207
1000000	2000000	-0.485567078097996	3.56206700543237	0.00903015979314043
2000000	3000000	-0.524992128431283	3.60764012662727	-0.305423703775839
3000000	4000000	-0.308505745994542	3.71511267932722	-0.291042774727863
4000000	5000000	-0.43321487111247	3.94990269615225	-0.347237741741784
5000000	6000000	-0.649540306962326	3.94976757416054	-0.555949955540477
6000000	7000000	-1.01526371669723	3.79931926017095	-0.646194760881668
7000000	8000000	-1.94644764439033	3.86854460929679	-0.850198290741243
8000000	9000000	-1.756232755261	4.02253770686288	-0.893114422742704
9000000	10000000	-1.60302158182867	3.99804133396148	-1.15064233305158
10000000	11000000	-1.5095739129611	3.79762303371298	-1.19529996402719
11000000	12000000	-0.606688035595506	3.68226389280212	-1.12926392981652
12000000	13000000	-0.379372533507823	3.74125081935935	-1.10708634822287
13000000	14000000	-0.0812084554489768	3.60579682457363	-1.05513881616125
14000000	15000000	-0.142530691117991	3.37778253901709	-1.27628852006389
15000000	16000000	-0.216244156963461	3.14517648475515	-1.17871307200087
16000000	17000000	-0.421429818362709	2.99097611350798	-1.48002642973567
17000000	18000000	-0.596223303491295	2.89957798478458	-1.73224344955464
18000000	19000000	-0.786622796682747	2.82377201545305	-1.97438603763583
19000000	20000000	-1.13801375880116	2.85039837851805	-2.0800545373464
20000000	21000000	-1.3809577936233	2.76480188643422	-1.91783031979529
21000000	22000000	-1.69506238973234	2.66388999000861	-1.78710889641443
22000000	23000000	-1.74238688796845	2.45547477827512	-1.92910438087542
23000000	24000000	-1.68158125266873	2.09952493998655	-1.86416621101234
24000000	25000000	-1.63601473088942	2.06094645049469	-1.60777532599255
25000000	26000000	-1.87378377171454	2.17743794910978	-1.40838083595396
26000000	27000000	-2.02636531993054	2.38179889103439	-1.22384049357156
27000000	28000000	-2.09296144256882	2.59271595826828	-1.05007431402583
28000000	29000000	-2.03470838985749	2.6652500356933	-0.851639504178563
29000000	30000000	-1.80595294558211	2.71962467356114	-0.810202537924625
30000000	31000000	-1.34989990746121	2.80324898305382	-0.633219816623275
31000000	32000000	-1.18332034457804	2.75333343290076	-0.842133150696009
32000000	33000000	-1.03235779916725	2.82932196187812	-0.594463356668773
33000000	34000000	-0.725896872803293	2.75574180367224	-0.504171536476615
34000000	35000000	-0.608179281572891	2.4452987114976	-0.491858161842425
35000000	36000000	-0.717837941173287	2.46411885542989	-0.279150221710009
36000000	37000000	-1.104598235406	2.21524616249471	-0.276531229565537
37000000	38000000	-1.32341541119004	2.13764722647673	-0.207141091986446
38000000	39000000	-1.51763514038919	1.80612631322943	-0.254262043909343
39000000	40000000	-1.67604065751844	1.87025278311727	0.0625553805389707
40000000	41000000	-1.5585777141437	2.13965375151794	0.130140736788544
41000000	42000000	-1.48344810443078	2.34224818614885	0.23193835157585
42000000	43000000	-1.29873830971038	2.5805653498168	0.536608434541564
43000000	44000000	-1.34433557528855	2.62261537745314	0.561929106656512
44000000	45000000	-0.568578778312235	2.0156528131057	0.644807881348321
45000000	46000000	-0.830298006002658	1.69657409816269	0.853744881411367
46000000	47000000	-0.783762763824826	1.50725359775183	1.04013550666797
47000000	48000000	-0.715371983603991	1.69592888485624	1.40990467412104
48000000	49000000	-0.547815356621724	1.57432619151605	1.64674041753785
49000000	50000000	-0.386358465713089	1.50602324534369	1.44944722744261
50000000	51000000	-0.220329903217155	1.27891351178722	1.31046213424323
51000000	52000000	-0.106042534928272	0.956205641601272	1.13967189394839
52000000	53000000	0.156063502533874	0.976590577219162	0.986528067253201
53000000	54000000	0.401923108549765	1.02345508062235	0.987511273588855
54000000	55000000	0.639623793496792	0.853824224485603	1.0962726741152
55000000	56000000	1.00926584533878	0.817937739551156	1.11714937987532
56000000	57000000	0.985415542771052	0.820842180429641	1.41411550372817
57000000	58000000	1.09271561045114	0.79600287830565	1.62564520513938
58000000	59000000	0.899436816889016	0.724370085980219	1.80644892308939
59000000	60000000	0.789568887723908	0.525039152970432	1.94951973423239
60000000	61000000	0.783615044168839	0.309131885241945	2.07191240407081
61000000	62000000	0.843427471035732	-0.0197166530908021	2.11012941420262
62000000	63000000	0.681086599161697	-0.263878154686684	2.17916394986084
63000000	64000000	0.519916345139398	-0.257897138649056	1.99916077056291
64000000	65000000	0.224535560088853	-0.186306911345906	2.00845687122237
65000000	66000000	0.0446709473774797	-0.171388343162407	2.16462217966261
66000000	67000000	-0.0880807533860491	-0.0651611063358975	2.3911513932568
67000000	68000000	-0.377849468685231	-0.0284225597104509	2.39705892074383
68000000	69000000	-0.599064916134169	0.0348446683069691	2.29245907284153
69000000	70000000	-0.779762657084548	-0.151618884893129	2.44806614120454
70000000	71000000	-0.798898175021042	-0.432881775623546	2.54648899423485
71000000	72000000	-0.750005202144723	-0.556808857543949	2.22768187014111
72000000	73000000	-1.0130812811676	-0.628232874667516	2.1131561245286
73000000	74000000	-1.37191588776279	-0.484334587516281	1.80046740133081
74000000	75000000	-1.56527208938541	-0.522067301463882	1.80804154122226
75000000	76000000	-1.62236263686684	-0.376034662408334	1.67123599011687
76000000	77000000	-1.35322988455657	-0.496344531256552	1.44177643449544
77000000	78000000	-1.05848387712203	-0.530502654949864	1.26467318501796
78000000	79000000	-0.928582157037123	-0.593584576445525	1.09789657226876
79000000	80000000	-0.810440167584869	-0.755562901061563	0.963992578026728
80000000	81000000	-1.09527737613827	-1.15831946640795	0.632825408611271
81000000	82000000	-1.4113481925877	-1.19318620154903	0.51042814156846
82000000	83000000	-1.30394695691023	-1.08493006641608	0.306317750715368
83000000	84000000	-1.1377696461183	-0.887682063191605	0.118540147287831
84000000	85000000	-0.836528691159406	-0.997491932114547	-0.0187202043940543
85000000	86000000	-0.456342818580046	-1.08428756276732	-0.113371988447699
86000000	87000000	-0.414258511305692	-0.88334680112595	-0.14197854763866
87000000	88000000	-0.158254624148084	-0.904210198735496	0.071823744063839
88000000	89000000	0.0767198570865486	-1.14361444222315	0.0673486451399966
89000000	90000000	0.377283686411448	-1.05303362214384	0.0840996067602253
90000000	91000000	0.548564505742026	-0.935613279414817	0.392247713940046
91000000	92000000	0.779661148777867	-1.00906649497421	0.235723154969454
92000000	93000000	1.10033617502936	-0.847975057833407	-0.049199023244292
93000000	94000000	1.23474122176516	-0.598561813438735	-0.061312738316672
94000000	95000000	1.55552827372899	-0.789159130127682	-0.0884172537230078
95000000	96000000	1.75715367564601	-0.689415470155375	-0.300302465762256
96000000	97000000	1.88910721687885	-0.703335988659433	-0.64744034048478
97000000	98000000	1.96982920332093	-0.569534569293712	-0.819831428816179
98000000	99000000	1.7817900201603	-0.745110301893997	-0.950639079966276
99000000	100000000	1.8823277553027	-0.911013012163914	-1.11536256757594
100000000	101000000	1.85851870314783	-0.944717917563402	-1.25434209734632
101000000	102000000	1.3400358454853	-1.23501184196507	-1.12278091754132
102000000	103000000	1.07319477541405	-1.41324373716339	-1.12764651380588
103000000	104000000	0.825484051963443	-1.51037893710645	-1.12452642261094
104000000	105000000	0.4243763073792	-1.52562922493896	-1.35841884413556
105000000	106000000	0.31364624548131	-1.80885466450543	-1.31885121544244
106000000	107000000	0.221317272438317	-1.96263190515947	-1.10926128600615
107000000	108000000	0.0686716170315691	-2.10349892652032	-0.938090985645914
108000000	109000000	-0.100398940833235	-2.27586896530979	-0.826848594501465
109000000	110000000	-0.0963158921975813	-2.25153587258741	-0.471138665693929
110000000	111000000	-0.415978745775737	-2.52349325139071	-0.364251716246445
111000000	112000000	-0.320053432275753	-2.73962976256078	-0.210493209743004
112000000	113000000	-0.334848139360548	-2.92323782449806	0.0513104392663206
113000000	114000000	-0.245838745016593	-3.09272563906755	0.260841168380023
114000000	115000000	-0.0110069412181274	-2.98927673349025	0.277572770686029
115000000	116000000	0.232866721029481	-3.02064891350239	0.471456282556163
116000000	117000000	0.369097720730563	-2.73960792493575	0.517107415916353
117000000	118000000	0.551972930752878	-2.80890935642121	0.699717494948788
118000000	119000000	0.885988192934505	-2.84105504718633	0.456072737594016
119000000	120000000	1.01113153820815	-2.66658172454604	0.248810008097047
120000000	121000000	1.22056178328261	-2.5889841748207	0.332587656023407
121000000	122000000	1.53731484414335	-2.64931535715666	0.221062638118739
122000000	123000000	1.77656098144316	-2.68589995708017	0.108097366640059
123000000	124000000	1.923355941269	-2.66647459503319	-0.0905482979871546
124000000	125000000	2.0621847330505	-2.56566913431897	-0.306057027103418
125000000	126000000	2.31609650672163	-2.64055607749152	-0.313490760670992
126000000	127000000	2.26753378106959	-2.70550401900107	-0.482113421327536
127000000	128000000	2.1751166188234	-2.55466992951676	-0.65882544701319
128000000	129000000	1.79910344860285	-2.66696985293573	-0.671884270446983
129000000	130000000	1.69113266712831	-2.69711921277733	-1.04390998376781
130000000	131000000	1.69158279425774	-2.99436784821328	-0.905407895123144
131000000	132000000	1.44393324330955	-3.18498864523475	-0.86398596994161
132000000	133000000	1.26544897067395	-3.21557220664878	-1.06617961231868
133000000	134000000	1.13816622438443	-3.4758226189193	-1.09790525688944
134000000	135000000	0.9012182221062	-3.5852079705894	-1.03340353265789
135000000	136000000	0.820729050954475	-3.50182648049616	-0.779537520897732
136000000	137000000	0.993702609400556	-3.62842628739702	-0.700679708796394
137000000	138000000	1.54038778564571	-3.74661189049352	-0.630400568893541
138000000	139000000	1.92944340443744	-3.84794576507867	-0.587886820489529
139000000	140000000	2.09582113615742	-3.92262927187788	-0.599839461435019
140000000	141000000	2.26945053101057	-4.01083924612132	-0.523825048273447
141000000	142000000	2.37675367990201	-4.16037061408932	-0.539506894922528
142000000	143000000	2.51967444664102	-4.23277050122998	-0.511795490142984
143000000	144000000	2.56269366321758	-4.26927553934084	-0.453748341804646
