0	1000000	-0.432362046141644	-0.453123872988494	2.2722363448059
1000000	2000000	-0.405794107248977	-0.226129080208482	1.59571904189441
2000000	3000000	0.388382708739317	-0.0634131174282541	1.80269734201965
3000000	4000000	1.26629233400574	0.137462798739943	1.38221061897466
4000000	5000000	1.71309047189982	0.561011023980602	0.902797994964138
5000000	6000000	2.25741218537407	1.15685013487956	0.691559843663157
6000000	7000000	1.84284290234983	1.63904861870672	-0.179731836201352
7000000	8000000	1.33036562058437	2.09359180515483	-0.123444868069803
8000000	9000000	0.743388359130319	2.19140864090233	0.108039381229389
9000000	10000000	0.711743656826655	2.2311948356759	0.864009043445065
10000000	11000000	-0.177295043485739	2.23497543187567	0.785039511159718
11000000	12000000	-0.969833752104285	1.8660333629049	1.08625634379106
12000000	13000000	-0.669781191165679	1.60227339166685	1.81153268545366
13000000	14000000	-0.0305470730964413	1.27729052394219	2.05047152272115
14000000	15000000	0.783048230047811	1.44279749949774	1.89463652227663
15000000	16000000	0.83535595563884	1.2546159285095	1.27793590755339
16000000	17000000	1.71167152257048	1.02457446049271	1.48724545505814
17000000	18000000	1.71355165658921	0.220844498142584	1.89400477496249
18000000	19000000	0.968985501359288	0.0247861723032898	2.30470296357049
19000000	20000000	0.239649506635855	-0.33290131654698	2.53312109943797
20000000	21000000	-0.490462337281349	0.0669464964691424	2.31975081905772
21000000	22000000	-0.45487212788255	0.810949393994532	1.80354722565244
22000000	23000000	-0.263479919044252	1.54547702836398	0.956044182541833
23000000	24000000	-0.37165879975981	2.43233313922592	0.0173342548865737
24000000	25000000	-0.231714745612037	2.51390666695783	-0.909740044509638
25000000	26000000	0.19043881167	2.10904997643725	-1.00540027363316
26000000	27000000	-1.08217681557745	2.17904711150744	0.714244778835837
27000000	28000000	-1.32033977311758	0.514855557991284	1.03412349838334
28000000	29000000	-1.58169049730209	-0.00894373524182024	1.46639788286754
29000000	30000000	-1.69311024903989	0.18675712612324	1.89859417271881
30000000	31000000	-1.38818967107584	1.12049959712061	1.64574437401554
31000000	32000000	-1.85678759902425	1.38139144179823	0.971534628204744
32000000	33000000	-1.8442619372071	1.1139654881797	0.489977546656472
33000000	34000000	-1.85811699468817	1.63110569220396	-0.0374904957900956
34000000	35000000	-1.57060233124882	1.82731063269847	-0.955052415739484
35000000	36000000	-1.66172459982465	1.23908016340009	-0.67165934887563
36000000	37000000	-1.9588505061234	0.651402744788939	-1.32866556515616
37000000	38000000	-0.702706674847634	-0.631576097058214	-0.812478674605636
38000000	39000000	0.0589026626785482	0.230937712171348	-2.6893506875338
39000000	40000000	1.10700427075007	0.453776500656502	-2.64666162332564
40000000	41000000	-2.07421489069712	2.60646139825441	-0.104281028652841
41000000	42000000	-2.29436949939382	-0.742226588227158	0.474061912939624
42000000	43000000	2.69859406946677	0.461644986346354	4.18383483837735
43000000	44000000	-0.355034739407646	1.21325680700186	-0.880840346845748
44000000	45000000	-0.496534476682913	1.16797256874097	-0.881825738390683
45000000	46000000	-0.323640587927532	1.31033599350776	-0.867397843489034
46000000	47000000	3.99112162862366	-1.46480596132622	0.141084782322195
47000000	48000000	1.72927150378427	1.03175689670803	0.0774236927986471
48000000	49000000	2.06832901629879	0.88878138544679	-0.348155424860095
49000000	50000000	2.50204582943325	0.376583265357226	0.233153346524855
50000000	51000000	2.49578943518598	-0.314892857050788	-0.0598124157020672
51000000	52000000	2.3169993636776	-0.958410129171012	0.649043444190932
52000000	53000000	1.96419198166048	-1.28761926531644	-0.0712233409420591
53000000	54000000	1.64613604006075	-1.91792579812091	0.30533681917685
54000000	55000000	0.819694526129159	-2.03494626069286	0.0260471777579674
55000000	56000000	0.795766800313721	-2.1041657970773	0.755607497516391
56000000	57000000	-0.0418708340945807	-2.03148339611191	1.15575039422315
57000000	58000000	0.742844250161002	-1.88357945229434	1.58151079614408
58000000	59000000	0.240582126087184	-1.30917941865744	2.03820069626964
59000000	60000000	1.40811421518801	-1.08341842754066	1.88344789439489
60000000	61000000	0.9718020506434	-0.782996711088541	1.47762146511577
61000000	62000000	1.43874065193001	-1.11256606573574	0.987094656171741
62000000	63000000	1.34168392169333	-0.679990559499374	0.319734358857274
63000000	64000000	1.62906695672459	-0.0703103774264766	-0.418946872264036
64000000	65000000	1.87170498297293	-0.0641481980632709	-0.962983203374762
65000000	66000000	1.51120540289711	-0.719017554600042	-1.0868756532902
66000000	67000000	1.01991886348279	-1.17343335569674	-0.680112852566935
67000000	68000000	1.36398408119771	-1.72180955218055	-1.28735257877642
68000000	69000000	0.781941108677771	-1.89009957792651	-0.496297040859881
69000000	70000000	0.33314365347438	-2.66853635279712	-0.459000890627634
70000000	71000000	0.0306832125842806	-1.72797713225398	-0.795739437663358
71000000	72000000	-0.356177497339727	-2.32210718547932	-1.15830869319358
72000000	73000000	-0.337787845863112	-1.39458646216163	-1.93631298486118
73000000	74000000	-1.29983553934303	-1.89403238449928	-1.20263230216859
74000000	75000000	-1.3832527865687	-0.929305268965541	-1.84317370515106
75000000	76000000	-0.920875841020749	-1.53467491598318	-0.651839868777135
76000000	77000000	-1.02535638973513	-0.724122832137662	-1.25588911937314
77000000	78000000	-1.46089143476717	-0.333160472215057	-0.40369056201882
78000000	79000000	-1.53863519781149	-0.00990389549240919	-1.38720106247883
79000000	80000000	-1.42700587916853	1.00081353648511	-1.04760836122146
80000000	81000000	-1.652120028537	0.511269016229931	-1.72354288246276
81000000	82000000	-2.27056566224833	0.57938357263544	-0.778332801553349
82000000	83000000	-2.08585824721489	-0.602492595523569	-1.02195518111673
83000000	84000000	-2.1425325068531	0.0850998208566239	-0.33340227043354
84000000	85000000	-2.29069276480387	0.178306645321374	0.417006843122756
85000000	86000000	-2.13906559550573	-0.3333893075194	0.936114415437982
86000000	87000000	-2.12277573316673	-1.110447887158	0.196417185513782
87000000	88000000	-1.87562540237362	-1.60607863971386	-0.0463402675869818
88000000	89000000	-1.36222278787275	-2.21806421166579	-0.0728480544217082
89000000	90000000	-0.550123806636178	-2.3947837270369	0.230048864470965
90000000	91000000	-0.864320682995956	-1.82707049189908	0.700804171110933
91000000	92000000	-1.16698656660989	-0.853259958140726	0.363653975120979
92000000	93000000	-1.68853614136043	-0.801795717525036	1.10650399102405
93000000	94000000	-1.60932813030948	-1.08135871639882	1.85455358516281
94000000	95000000	-0.947053007115108	-0.832050880751397	1.96249904015834
95000000	96000000	-0.397827406744348	-1.52749966002512	1.59286924311469
96000000	97000000	-0.281045857547926	-1.13029557411691	0.745505861976199
97000000	98000000	-0.0508557706396623	-1.66200936853433	0.0612860230174421
98000000	99000000	-0.00429122980137455	-1.09653863126765	-0.633676729895751
99000000	100000000	0.0827104049440068	-0.272795393655671	-1.33759708923209
100000000	101000000	-0.272286084323684	-0.138821074421421	-1.77132979023804
101000000	102000000	-0.803449613287144	-0.0500018527606031	-1.97220654073298
102000000	103000000	-1.07646946505864	0.681627436110048	-2.13918622687944
103000000	104000000	-0.762443584179359	1.47720871869589	-1.46186193520068
104000000	105000000	-0.13386753415893	1.70953029155802	-1.68465892059782
105000000	106000000	0.240973849395853	1.06499611548507	-1.67282071863379
106000000	107000000	0.326728567652757	0.782025610278883	-2.45383445734785
107000000	108000000	0.394855799156877	0.0955547162605831	-1.83387701114516
108000000	109000000	0.138654018516287	-0.691543876172852	-2.50664228944236
109000000	110000000	0.220917339337576	-1.23464436321945	-1.65578423141616
110000000	111000000	1.17137783460465	-1.07561395465489	-1.97058295405221
111000000	112000000	1.10063456195399	-0.395874822223541	-1.40804164532175
112000000	113000000	2.19294665562109	-0.483879015567249	-0.918874712809477
113000000	114000000	2.00538225793126	0.383841163250965	-1.68752586631685
114000000	115000000	1.18657942636365	0.750699154697234	-1.72540615148203
115000000	116000000	1.02258880992885	1.45608380783756	-1.5406167033989
116000000	117000000	1.24235428645899	1.24104464068404	-0.519604140105838
