0	1000000	-0.548683067148539	-0.260983307524797	0.398731383040896
1000000	2000000	-0.00564097931205201	0.0604518175517189	-0.0417289219016873
2000000	3000000	-0.00216296338305918	0.0627226683248434	-0.0371832201081185
3000000	4000000	-0.00171179531809412	0.0705081723108234	-0.0324877336569895
4000000	5000000	-0.0026013088297436	0.0697506717392448	-0.0286251049588516
5000000	6000000	-0.00298371948909545	0.0727782374447682	-0.0244394677430064
6000000	7000000	-0.00298736556299326	0.0673044847811044	-0.0200337699865466
7000000	8000000	0.00226704125050601	0.0548463428378628	-0.0076009801813524
8000000	9000000	0.00576825010780901	0.0489071611914147	-0.00503050922042391
9000000	10000000	0.00524057728225395	0.0508097537899236	0.000429364681460298
10000000	11000000	0.0117073171947452	0.0422140684442852	0.00554413919844783
11000000	12000000	0.01142745018207	0.0369661560145711	0.00772062226357387
12000000	13000000	0.016200487734103	0.0391803690178031	0.0107227139325399
13000000	14000000	0.0166692178725256	0.0351463147307338	0.0182959113091607
14000000	15000000	0.0160961358220311	0.0324590449581977	0.0222063092256509
15000000	16000000	0.00808991597658459	0.0252154599019691	0.0296775246169579
16000000	17000000	0.0586096124958529	0.0346611971139695	0.0768017488304815
17000000	18000000	0.00394402700176283	0.0169268402105873	0.0217663241223628
18000000	19000000	0.00358866256881484	0.00998457532576355	0.0185991412545316
19000000	20000000	0.00387707992655372	0.0104440721846729	0.0117687242562152
20000000	21000000	-0.0110444381367418	0.00298486749326276	0.0155147842186084
21000000	22000000	-0.00142688836409296	0.00288840037714019	0.00588725395411104
22000000	23000000	-0.00258726804987093	0.00511508173424472	-0.00612644553698507
23000000	24000000	-0.0150938017931777	0.00226363520130667	-0.0256216265490027
24000000	25000000	-0.00259799010904643	0.00246396241060824	-0.0195919915314718
25000000	26000000	-0.00764919120568025	0.00580050875817421	-0.017035229030012
26000000	27000000	-0.0201151364210695	-0.0109630225279636	-0.0365956456359712
27000000	28000000	0.0160937139272351	-0.0109314070916793	-0.0171848926241236
28000000	29000000	0.021358483196781	-0.0187375475831766	-0.0161347732708745
29000000	30000000	0.0238299870781133	-0.0226045020473312	-0.0107230749824936
30000000	31000000	0.0279953376883997	-0.0190656310826733	-0.0120102310578606
31000000	32000000	0.030791819371647	-0.0144076163714628	-0.0075599676902899
32000000	33000000	0.0304290345361362	-0.00848669381777279	-0.00437069813049476
33000000	34000000	0.0778820616700981	-0.0171150912197108	0.0166052862269563
34000000	35000000	-0.0247588325876051	-0.00432748590332002	-0.0511005730400284
35000000	36000000	0.0209288352776605	-0.00698695420424581	-0.0165994103830576
36000000	37000000	0.0419728207671545	-0.00399740494215463	-0.0070713148748198
37000000	38000000	0.0242061955165325	-0.0125650400784332	0.00223873840923703
38000000	39000000	0.489985400734141	0.308543367058675	-0.148063811750321
39000000	40000000	0.0202496001202362	-0.0112810920044825	0.00490967426035349
40000000	41000000	-0.357818432620519	0.139712346167782	-0.155854619612913
41000000	42000000	0.0234780837774858	-0.012117900452112	0.00438482463352778
42000000	43000000	1.88239484824459	-0.918796131529257	2.5636165307562
43000000	44000000	0.502505730279378	-1.9502348163503	-1.02189976319193
44000000	45000000	-1.98992288054659	2.9670154300825	-1.45872689859418
45000000	46000000	0.0115540162079682	-0.0180087787463257	-0.00344546274612593
46000000	47000000	0.0215506958985513	-0.0530986892026207	0.0213195261563885
47000000	48000000	0.026423581504883	-0.0573975613119123	0.0281608851677681
48000000	49000000	0.0165564437304725	-0.0632227662637365	0.0335246062324255
49000000	50000000	0.0131458857142477	-0.0617231786778593	0.039473339996841
50000000	51000000	0.00788899194383446	-0.0616044636817215	0.0431757427373856
51000000	52000000	0.0125797738185425	-0.0573506356806067	0.0458266850769868
52000000	53000000	0.00495728401934657	-0.0618679838144801	0.0578144515373591
53000000	54000000	0.00128010145433985	-0.0501955263361353	0.0445632182164294
54000000	55000000	-0.00730906463108596	-0.0480934599769179	0.0476440056676415
55000000	56000000	-0.0156401049973992	-0.0465030549700073	0.0449660265934333
56000000	57000000	-0.0241294356862797	-0.0379638455302095	0.0479106475463931
57000000	58000000	-0.0281752348227879	-0.038997860441046	0.0437702799948953
58000000	59000000	-0.0297811367603614	-0.0344341897076124	0.0506782671612601
59000000	60000000	-0.0281180441497758	-0.0277812056000419	0.0527797502265764
60000000	61000000	-0.0336204981075502	-0.028002790427068	0.04855598822299
61000000	62000000	-0.0339008909789933	-0.0368976802648268	0.026667498580808
62000000	63000000	-0.0348550896508623	-0.0397768019383096	0.0185447824353869
63000000	64000000	-0.0324151047001512	-0.0388905329933392	0.0148093575228219
64000000	65000000	-0.0264806311423644	-0.0395584420547993	-0.00202916458351836
65000000	66000000	-0.0289290017436028	-0.0311949163773367	-0.000642341553024621
66000000	67000000	-0.0307610663964852	-0.0349134351553725	-0.00396977970308854
67000000	68000000	-0.0256097804952128	-0.0295904463357041	-0.0042223160599262
68000000	69000000	-0.0366907784517101	-0.024837407167946	-0.016590886299865
69000000	70000000	-0.0360083258924234	-0.028406077362314	-0.0164162631083069
70000000	71000000	-0.0354710006283983	-0.0362856854952345	-0.0294322636550661
71000000	72000000	-0.018205932561396	-0.0147239935199687	-0.0386291440364388
72000000	73000000	-0.0246923032351672	-0.00758846590961639	-0.0321790371509536
73000000	74000000	-0.0268321035839929	-0.00447304528397578	-0.035390175603857
74000000	75000000	-0.028091326670191	0.00365353055506545	-0.0318611219223318
75000000	76000000	-0.0244711405356869	-0.00559972329304662	-0.0217857807558669
76000000	77000000	-0.0232163960101115	0.00651714946977272	-0.0146891905055545
77000000	78000000	-0.022846970978742	0.00344413631730858	-0.0102802442987517
78000000	79000000	-0.021580183216977	0.00593204527830983	0.00969049581455403
79000000	80000000	-0.0140626922789489	0.000258099738391834	0.0145101452789214
80000000	81000000	-0.0113144554570746	0.00578722824016743	0.0217552732841997
81000000	82000000	-0.00652781655691319	0.00164750916709611	0.0252702546889918
82000000	83000000	-0.000390998027811552	0.00651803275910758	0.0138394750636422
83000000	84000000	0.00146368296991345	-0.00218707218995271	0.0108953248227066
84000000	85000000	0.00788313254612619	0.00577005093205023	0.00993195701152278
85000000	86000000	0.00705088733582031	0.00716663803550125	0.00196065078757728
86000000	87000000	0.00663142722264892	0.00630593475272152	-0.00266770511617623
87000000	88000000	0.00767206742278907	0.00341345646685946	-0.00822514193108783
88000000	89000000	0.0199500302199889	0.00713508460543431	-0.00695740186295455
89000000	90000000	0.00906342560445584	-0.00150000444368055	-0.0200986320127091
90000000	91000000	0.021504643121213	-0.00822740490395069	-0.00985291131124589
91000000	92000000	0.0138669049572813	-0.0146182162269873	-0.0151076002775258
92000000	93000000	0.0201220699905905	-0.0199419667134757	-0.00866632386665995
93000000	94000000	0.016252358054205	-0.0217859264470791	-0.0123375624392922
94000000	95000000	0.0202171026692852	-0.0292849837896933	-0.0145894331361721
95000000	96000000	0.0219914990926177	-0.0348073463280624	-0.0165827259079639
96000000	97000000	0.0189362787904947	-0.0396476086356909	-0.021163249453476
97000000	98000000	0.0215206338196884	-0.0324517921014176	-0.0205784776174637
98000000	99000000	0.0196561236410491	-0.0259941282835728	-0.040813971842173
99000000	100000000	0.0177742676510803	-0.0290255957633822	-0.0471920530570053
100000000	101000000	0.0268059574034802	-0.0249245334002023	-0.0543461024578152
101000000	102000000	0.0266022334928926	-0.031643950012886	-0.0586972344823937
102000000	103000000	0.0256920958633754	-0.0224627392051444	-0.0643419994431016
103000000	104000000	0.0261970637748036	-0.0244097993578404	-0.0695351797481636
104000000	105000000	0.0306128238765643	-0.0238734205583746	-0.0710218555606304
105000000	106000000	0.0352446014447002	-0.0232779936037923	-0.0747088279568093
106000000	107000000	0.0357900157571065	-0.0195190472638128	-0.0782852902911982
107000000	108000000	0.0204932927840441	0.0158473729308666	-0.0626658625854705
108000000	109000000	0.0548747209360129	-0.0607687104477204	-0.0977308590265098
109000000	110000000	0.0111266854967746	-0.0214255300706533	-0.0688822332863727
110000000	111000000	0.0518311114060058	-0.0217801666535951	-0.0919704714603645
111000000	112000000	-0.0193931327453337	-0.0117122910652167	-0.0510389850758827
112000000	113000000	0.0241558469040043	-0.018798478502344	0.0815088258769018
113000000	114000000	-0.0616873984751254	-0.00934857869857276	-0.183480113939632
114000000	115000000	-0.019896581894309	-0.0128578911210532	-0.05073157407406
115000000	116000000	-0.116781090080368	-0.038168805892509	-0.0186877869723973
116000000	117000000	-0.0801231366962817	-0.00704475673636851	0.00117143549798
