1	0
2	1
3	2
4	3
5	4
6	5
7	6
9	7
10	8
11	9
12	10
13	11
14	12
15	13
16	14
17	15
18	16
19	17
20	18
21	19
22	20
23	21
24	22
25	23
26	24
27	25
28	26
29	27
30	28
31	29
32	30
33	31
34	32
35	33
36	34
37	35
38	36
39	37
40	38
41	39
42	40
43	41
44	42
48	43
49	44
50	45
51	46
52	47
53	48
54	49
55	50
56	51
57	52
58	53
59	54
60	55
61	56
62	57
63	58
64	59
65	60
66	61
67	62
68	63
69	64
70	65
71	66
72	67
73	68
74	69
75	70
76	71
77	72
78	73
79	74
80	75
81	76
82	77
83	78
84	79
85	80
86	81
87	82
88	83
89	84
90	85
91	86
92	87
93	88
94	89
95	90
96	91
97	92
98	93
99	94
100	95
101	96
102	97
103	98
104	99
105	100
106	101
107	102
108	103
109	104
110	105
111	106
112	107
113	108
114	109
115	110
116	111
117	112
118	113
119	114
120	115
121	116
122	117
123	118
124	119
125	120
126	121
127	122
128	123
129	124
130	125
131	126
132	127
133	128
134	129
135	130
136	131
137	132
138	133
139	134
140	135
141	136
142	137
143	138
144	139
145	140
146	141
