1	0
2	1
3	2
4	3
5	4
6	5
7	6
8	7
9	8
10	9
11	10
12	11
13	12
14	13
15	14
16	15
17	16
18	17
19	18
20	19
21	20
22	21
23	22
24	23
25	24
27	25
28	26
29	27
30	28
31	29
32	30
33	31
34	32
35	33
36	34
37	35
38	36
39	37
40	38
41	39
42	40
43	41
44	42
45	43
46	44
47	45
48	46
49	47
50	48
51	49
52	50
53	51
54	52
55	53
56	54
57	55
58	56
59	57
60	58
61	59
62	60
63	61
64	62
65	63
66	64
67	65
68	66
69	67
70	68
71	69
72	70
73	71
74	72
75	73
76	74
77	75
78	76
79	77
80	78
81	79
82	80
83	81
84	82
85	83
86	84
87	85
88	86
89	87
90	88
91	89
92	90
93	91
94	92
95	93
96	94
97	95
98	96
99	97
100	98
101	99
102	100
103	101
104	102
105	103
106	104
107	105
108	106
109	107
110	108
111	109
112	110
113	111
114	112
115	113
116	114
117	115
118	116
119	117
120	118
121	119
122	120
123	121
124	122
125	123
126	124
127	125
128	126
129	127
130	128
131	129
132	130
133	131
134	132
135	133
136	134
137	135
138	136
139	137
140	138
141	139
142	140
143	141
144	142
145	143
146	144
147	145
148	146
149	147
150	148
151	149
152	150
153	151
154	152
155	153
156	154
157	155
158	156
159	157
160	158
161	159
162	160
163	161
164	162
165	163
166	164
167	165
168	166
169	167
170	168
171	169
172	170
173	171
174	172
175	173
176	174
177	175
178	176
179	177
180	178
181	179
182	180
183	181
184	182
185	183
186	184
187	185
188	186
189	187
190	188
191	189
192	190
193	191
194	192
195	193
196	194
197	195
198	196
199	197
200	198
201	199
202	200
203	201
204	202
205	203
206	204
208	205
209	206
210	207
211	208
212	209
213	210
214	211
215	212
216	213
217	214
218	215
219	216
220	217
221	218
222	219
223	220
224	221
225	222
226	223
227	224
228	225
229	226
230	227
231	228
232	229
233	230
234	231
235	232
236	233
237	234
238	235
239	236
240	237
241	238
242	239
287	240
288	241
290	242
291	243
292	244
294	245
295	246
296	247
297	248
298	249
299	250
300	251
301	252
302	253
303	254
304	255
305	256
306	257
307	258
308	259
309	260
310	261
311	262
312	263
313	264
314	265
315	266
316	267
317	268
318	269
319	270
320	271
321	272
322	273
323	274
324	275
325	276
326	277
327	278
328	279
329	280
330	281
331	282
332	283
333	284
334	285
335	286
336	287
337	288
338	289
339	290
340	291
341	292
342	293
343	294
344	295
345	296
346	297
347	298
348	299
349	300
350	301
351	302
352	303
353	304
354	305
355	306
356	307
357	308
358	309
359	310
360	311
361	312
362	313
363	314
364	315
365	316
366	317
367	318
368	319
369	320
370	321
371	322
372	323
373	324
374	325
375	326
376	327
377	328
378	329
379	330
380	331
381	332
382	333
383	334
384	335
385	336
386	337
387	338
388	339
389	340
390	341
391	342
392	343
393	344
394	345
395	346
396	347
397	348
398	349
399	350
400	351
401	352
402	353
403	354
404	355
405	356
406	357
407	358
408	359
409	360
410	361
411	362
412	363
413	364
414	365
415	366
416	367
417	368
418	369
419	370
420	371
421	372
422	373
423	374
424	375
425	376
426	377
427	378
428	379
429	380
430	381
431	382
432	383
433	384
434	385
435	386
436	387
437	388
438	389
439	390
440	391
441	392
442	393
443	394
444	395
445	396
446	397
447	398
448	399
449	400
450	401
451	402
452	403
453	404
454	405
455	406
456	407
457	408
458	409
459	410
460	411
461	412
462	413
463	414
464	415
465	416
466	417
467	418
468	419
469	420
470	421
471	422
472	423
473	424
474	425
475	426
476	427
477	428
478	429
479	430
480	431
481	432
482	433
483	434
484	435
485	436
486	437
487	438
488	439
489	440
490	441
491	442
492	443
493	444
494	445
