0	0
1	1
2	2
3	3
4	4
5	5
6	6
7	7
8	8
9	9
10	10
11	11
12	12
13	13
14	14
15	15
16	16
17	17
18	18
19	19
20	20
21	21
22	22
23	23
24	24
25	25
26	26
27	27
28	28
29	29
30	30
31	31
32	32
33	33
34	34
35	35
36	36
37	37
38	38
39	39
40	40
41	41
42	42
43	43
44	44
45	45
46	46
47	47
48	48
49	49
50	50
51	51
52	52
53	53
54	54
55	55
56	56
57	57
58	58
59	59
60	60
61	61
62	62
63	63
64	64
65	65
66	66
67	67
68	68
69	69
70	70
71	71
72	72
73	73
74	74
75	75
76	76
77	77
78	78
79	79
80	80
81	81
82	82
83	83
84	84
85	85
86	86
87	87
88	88
89	89
90	90
91	91
92	92
93	93
94	94
95	95
96	96
97	97
98	98
99	99
100	100
101	101
102	102
103	103
104	104
105	105
106	106
107	107
108	108
109	109
110	110
111	111
112	112
113	113
114	114
115	115
116	116
117	117
118	118
119	119
120	120
121	121
122	122
123	123
124	124
125	125
126	126
127	127
128	128
129	129
130	130
131	131
132	132
133	133
134	134
135	135
136	136
137	137
138	138
139	139
140	140
141	141
142	142
143	143
144	144
145	145
146	146
147	147
148	148
149	149
150	150
151	151
153	152
154	153
155	154
156	155
157	156
158	157
159	158
160	159
161	160
162	161
163	162
164	163
165	164
166	165
167	166
168	167
169	168
171	169
172	170
173	171
174	172
175	173
176	174
177	175
178	176
179	177
180	178
190	179
191	180
192	181
193	182
194	183
195	184
196	185
197	186
198	187
199	188
200	189
201	190
202	191
203	192
204	193
205	194
206	195
207	196
208	197
209	198
210	199
211	200
212	201
213	202
214	203
215	204
216	205
217	206
218	207
219	208
220	209
221	210
222	211
223	212
224	213
225	214
226	215
227	216
228	217
229	218
230	219
231	220
232	221
233	222
234	223
235	224
236	225
237	226
238	227
239	228
240	229
241	230
242	231
243	232
244	233
245	234
246	235
247	236
248	237
249	238
250	239
251	240
252	241
253	242
254	243
255	244
256	245
257	246
258	247
259	248
260	249
261	250
262	251
263	252
264	253
265	254
266	255
267	256
268	257
269	258
270	259
271	260
272	261
273	262
274	263
275	264
276	265
277	266
278	267
279	268
280	269
281	270
282	271
283	272
284	273
285	274
286	275
287	276
288	277
289	278
290	279
291	280
292	281
293	282
294	283
295	284
296	285
297	286
298	287
299	288
300	289
301	290
302	291
303	292
304	293
305	294
306	295
307	296
308	297
309	298
310	299
311	300
312	301
313	302
314	303
315	304
316	305
317	306
318	307
319	308
320	309
321	310
322	311
323	312
324	313
325	314
326	315
327	316
328	317
329	318
330	319
331	320
332	321
333	322
334	323
335	324
336	325
337	326
338	327
339	328
340	329
341	330
342	331
343	332
344	333
345	334
346	335
347	336
348	337
349	338
350	339
351	340
353	341
355	342
356	343
357	344
358	345
359	346
360	347
361	348
362	349
363	350
364	351
365	352
366	353
367	354
368	355
369	356
370	357
371	358
372	359
373	360
374	361
375	362
376	363
377	364
378	365
379	366
380	367
381	368
382	369
383	370
384	371
385	372
386	373
387	374
388	375
389	376
390	377
391	378
392	379
393	380
394	381
396	382
397	383
