0	0
1	1
2	2
3	3
4	4
5	5
6	6
7	7
8	8
9	9
10	10
11	11
12	12
13	13
14	14
15	15
16	16
17	17
18	18
19	19
20	20
21	21
22	22
24	23
25	24
26	25
27	26
28	27
29	28
30	29
31	30
32	31
33	32
34	33
35	34
36	35
38	36
39	37
40	38
41	39
42	40
43	41
44	42
45	43
46	44
47	45
48	46
49	47
50	48
51	49
52	50
53	51
54	52
55	53
56	54
57	55
58	56
59	57
60	58
61	59
62	60
63	61
64	62
65	63
66	64
68	65
69	66
70	67
71	68
72	69
73	70
74	71
75	72
76	73
77	74
78	75
79	76
80	77
81	78
82	79
83	80
84	81
85	82
86	83
87	84
88	85
89	86
90	87
91	88
92	89
93	90
94	91
95	92
96	93
97	94
104	95
105	96
106	97
107	98
108	99
109	100
110	101
111	102
112	103
113	104
114	105
115	106
116	107
117	108
118	109
119	110
120	111
121	112
122	113
123	114
124	115
125	116
126	117
127	118
128	119
129	120
130	121
131	122
132	123
133	124
134	125
135	126
136	127
137	128
139	129
140	130
141	131
142	132
143	133
144	134
145	135
146	136
147	137
148	138
149	139
150	140
151	141
152	142
153	143
154	144
155	145
156	146
157	147
158	148
159	149
160	150
161	151
162	152
163	153
164	154
165	155
166	156
167	157
168	158
169	159
170	160
171	161
172	162
173	163
174	164
175	165
176	166
177	167
178	168
179	169
180	170
181	171
182	172
183	173
184	174
185	175
186	176
187	177
188	178
189	179
190	180
191	181
192	182
193	183
194	184
195	185
196	186
197	187
198	188
199	189
200	190
201	191
202	192
203	193
204	194
205	195
206	196
207	197
208	198
209	199
210	200
211	201
212	202
213	203
214	204
215	205
216	206
217	207
218	208
219	209
220	210
221	211
222	212
223	213
224	214
225	215
226	216
227	217
228	218
229	219
230	220
231	221
232	222
233	223
234	224
235	225
236	226
237	227
238	228
239	229
240	230
241	231
242	232
243	233
244	234
245	235
246	236
247	237
248	238
249	239
250	240
251	241
252	242
253	243
254	244
255	245
256	246
257	247
258	248
259	249
260	250
261	251
262	252
263	253
264	254
265	255
266	256
267	257
268	258
269	259
270	260
271	261
272	262
273	263
274	264
275	265
276	266
277	267
278	268
279	269
280	270
281	271
282	272
283	273
284	274
285	275
286	276
287	277
288	278
289	279
290	280
291	281
292	282
293	283
294	284
295	285
296	286
297	287
298	288
299	289
300	290
301	291
302	292
303	293
304	294
305	295
306	296
307	297
308	298
309	299
310	300
311	301
312	302
313	303
314	304
315	305
316	306
317	307
318	308
319	309
320	310
321	311
322	312
323	313
324	314
325	315
327	316
328	317
329	318
330	319
331	320
332	321
333	322
334	323
335	324
336	325
337	326
338	327
339	328
340	329
341	330
342	331
343	332
344	333
345	334
346	335
347	336
348	337
349	338
350	339
351	340
352	341
353	342
354	343
355	344
356	345
357	346
358	347
360	348
361	349
362	350
363	351
364	352
365	353
366	354
367	355
368	356
369	357
370	358
371	359
372	360
373	361
374	362
375	363
376	364
377	365
378	366
379	367
380	368
381	369
