1	0
2	1
3	2
4	3
5	4
6	5
7	6
8	7
9	8
10	9
11	10
12	11
13	12
14	13
15	14
16	15
17	16
18	17
19	18
20	19
21	20
22	21
23	22
24	23
25	24
26	25
27	26
28	27
29	28
30	29
31	30
32	31
33	32
34	33
35	34
36	35
37	36
38	37
39	38
40	39
41	40
42	41
43	42
44	43
45	44
46	45
49	46
50	47
51	48
52	49
53	50
54	51
55	52
56	53
57	54
58	55
59	56
60	57
61	58
62	59
63	60
64	61
65	62
66	63
67	64
68	65
71	66
72	67
73	68
74	69
75	70
76	71
77	72
78	73
79	74
80	75
81	76
82	77
83	78
84	79
85	80
86	81
87	82
88	83
89	84
90	85
91	86
92	87
93	88
94	89
95	90
96	91
97	92
98	93
99	94
100	95
101	96
102	97
103	98
104	99
105	100
106	101
107	102
108	103
109	104
110	105
111	106
112	107
113	108
114	109
115	110
116	111
117	112
118	113
119	114
120	115
121	116
122	117
123	118
124	119
125	120
126	121
127	122
128	123
129	124
130	125
131	126
132	127
133	128
134	129
135	130
136	131
137	132
138	133
139	134
140	135
141	136
142	137
143	138
144	139
145	140
146	141
147	142
148	143
149	144
150	145
151	146
152	147
153	148
154	149
155	150
156	151
157	152
158	153
159	154
160	155
161	156
162	157
163	158
164	159
165	160
166	161
167	162
168	163
169	164
170	165
171	166
172	167
173	168
174	169
175	170
176	171
177	172
178	173
179	174
