2	0
3	1
4	2
5	3
6	4
7	5
8	6
9	7
10	8
11	9
12	10
13	11
14	12
15	13
16	14
17	15
18	16
19	17
20	18
21	19
22	20
23	21
24	22
25	23
27	24
28	25
29	26
30	27
31	28
32	29
33	30
34	31
35	32
36	33
37	34
38	35
39	36
40	37
41	38
42	39
43	40
44	41
45	42
46	43
47	44
48	45
49	46
50	47
51	48
52	49
53	50
54	51
55	52
56	53
57	54
58	55
59	56
60	57
61	58
62	59
63	60
64	61
65	62
66	63
67	64
68	65
69	66
70	67
71	68
72	69
73	70
74	71
75	72
76	73
77	74
78	75
79	76
80	77
81	78
82	79
83	80
84	81
85	82
86	83
87	84
88	85
89	86
90	87
91	88
92	89
93	90
94	91
95	92
96	93
97	94
98	95
99	96
100	97
101	98
102	99
103	100
104	101
105	102
106	103
107	104
108	105
109	106
110	107
111	108
112	109
113	110
114	111
115	112
116	113
117	114
118	115
119	116
120	117
121	118
122	119
123	120
124	121
125	122
126	123
127	124
128	125
129	126
130	127
131	128
132	129
133	130
134	131
135	132
136	133
137	134
138	135
139	136
140	137
141	138
142	139
143	140
144	141
145	142
146	143
147	144
148	145
149	146
150	147
151	148
152	149
153	150
154	151
155	152
156	153
157	154
158	155
159	156
160	157
161	158
162	159
163	160
164	161
165	162
166	163
167	164
168	165
169	166
170	167
171	168
172	169
173	170
174	171
175	172
176	173
177	174
178	175
179	176
180	177
181	178
182	179
183	180
184	181
185	182
186	183
187	184
188	185
189	186
190	187
191	188
192	189
193	190
194	191
195	192
196	193
197	194
198	195
199	196
200	197
201	198
202	199
203	200
204	201
205	202
206	203
207	204
208	205
209	206
210	207
211	208
212	209
213	210
214	211
215	212
216	213
217	214
218	215
219	216
220	217
221	218
222	219
223	220
224	221
225	222
226	223
227	224
228	225
229	226
230	227
231	228
232	229
233	230
234	231
235	232
236	233
237	234
238	235
239	236
240	237
241	238
242	239
287	240
288	241
290	242
291	243
292	244
294	245
295	246
296	247
297	248
298	249
299	250
300	251
301	252
302	253
303	254
304	255
305	256
306	257
307	258
308	259
309	260
310	261
311	262
312	263
313	264
314	265
315	266
316	267
317	268
318	269
319	270
320	271
321	272
322	273
323	274
324	275
325	276
326	277
327	278
328	279
329	280
330	281
331	282
332	283
333	284
334	285
335	286
336	287
337	288
338	289
339	290
340	291
341	292
342	293
343	294
344	295
345	296
346	297
347	298
348	299
349	300
350	301
351	302
352	303
353	304
354	305
355	306
356	307
357	308
358	309
359	310
360	311
361	312
362	313
363	314
364	315
365	316
366	317
367	318
368	319
369	320
370	321
371	322
372	323
373	324
374	325
375	326
376	327
377	328
378	329
379	330
380	331
381	332
382	333
383	334
384	335
385	336
386	337
387	338
388	339
389	340
390	341
391	342
392	343
393	344
394	345
395	346
396	347
397	348
398	349
399	350
400	351
401	352
402	353
403	354
404	355
405	356
406	357
407	358
408	359
409	360
410	361
411	362
412	363
413	364
414	365
415	366
416	367
417	368
418	369
419	370
420	371
421	372
422	373
423	374
424	375
425	376
426	377
427	378
428	379
429	380
430	381
431	382
432	383
433	384
434	385
435	386
436	387
437	388
438	389
439	390
440	391
441	392
442	393
443	394
444	395
445	396
446	397
447	398
448	399
449	400
450	401
451	402
452	403
453	404
454	405
455	406
456	407
457	408
458	409
459	410
460	411
461	412
462	413
463	414
464	415
465	416
466	417
467	418
468	419
469	420
470	421
471	422
472	423
473	424
474	425
475	426
476	427
477	428
478	429
479	430
480	431
481	432
482	433
483	434
484	435
485	436
486	437
487	438
488	439
489	440
490	441
491	442
492	443
493	444
494	445
