0	0
1	1
2	2
3	3
4	4
5	5
6	6
7	7
8	8
9	9
10	10
11	11
12	12
13	13
14	14
15	15
16	16
17	17
18	18
19	19
20	20
21	21
22	22
23	23
24	24
25	25
26	26
27	27
28	28
29	29
30	30
31	31
32	32
33	33
34	34
35	35
36	36
37	37
38	38
39	39
40	40
41	41
42	42
43	43
44	44
45	45
46	46
47	47
48	48
49	49
50	50
51	51
52	52
53	53
54	54
55	55
56	56
57	57
58	58
59	59
60	60
61	61
62	62
63	63
64	64
65	65
66	66
67	67
68	68
69	69
70	70
71	71
72	72
73	73
74	74
75	75
76	76
77	77
78	78
79	79
80	80
81	81
82	82
83	83
84	84
85	85
86	86
87	87
88	88
89	89
90	90
91	91
92	92
93	93
94	94
95	95
96	96
97	97
98	98
99	99
100	100
101	101
102	102
103	103
104	104
105	105
106	106
107	107
108	108
109	109
110	110
111	111
112	112
113	113
114	114
115	115
116	116
117	117
118	118
119	119
120	120
121	121
122	122
123	123
124	124
125	125
126	126
127	127
128	128
129	129
130	130
131	131
132	132
133	133
134	134
135	135
136	136
137	137
138	138
139	139
140	140
141	141
142	142
143	143
144	144
145	145
146	146
147	147
148	148
149	149
150	150
151	151
152	152
153	153
154	154
155	155
156	156
157	157
158	158
159	159
160	160
161	161
162	162
163	163
164	164
165	165
166	166
167	167
168	168
169	169
170	170
171	171
172	172
173	173
176	174
177	175
182	176
189	177
190	178
191	179
192	180
193	181
195	182
196	183
197	184
198	185
199	186
200	187
201	188
202	189
203	190
204	191
205	192
206	193
207	194
208	195
209	196
210	197
211	198
212	199
213	200
214	201
215	202
216	203
217	204
218	205
219	206
220	207
222	208
223	209
224	210
225	211
226	212
227	213
228	214
229	215
230	216
231	217
232	218
233	219
234	220
235	221
236	222
237	223
238	224
239	225
240	226
241	227
242	228
243	229
244	230
245	231
246	232
247	233
248	234
249	235
250	236
251	237
252	238
253	239
254	240
255	241
256	242
257	243
258	244
259	245
260	246
261	247
262	248
263	249
264	250
265	251
266	252
267	253
268	254
269	255
270	256
271	257
272	258
273	259
274	260
275	261
276	262
277	263
278	264
279	265
280	266
281	267
282	268
283	269
284	270
285	271
286	272
287	273
288	274
289	275
290	276
291	277
292	278
293	279
294	280
295	281
296	282
297	283
298	284
299	285
300	286
301	287
302	288
303	289
304	290
305	291
306	292
307	293
308	294
309	295
310	296
311	297
312	298
313	299
314	300
315	301
316	302
317	303
318	304
319	305
320	306
321	307
322	308
323	309
324	310
325	311
326	312
327	313
328	314
329	315
330	316
331	317
332	318
333	319
334	320
335	321
336	322
337	323
338	324
339	325
340	326
341	327
342	328
343	329
344	330
345	331
346	332
347	333
348	334
349	335
350	336
351	337
352	338
353	339
354	340
355	341
356	342
357	343
358	344
359	345
360	346
361	347
362	348
363	349
364	350
365	351
366	352
367	353
368	354
369	355
370	356
371	357
372	358
373	359
374	360
375	361
376	362
377	363
378	364
379	365
380	366
381	367
382	368
383	369
384	370
385	371
386	372
387	373
388	374
389	375
390	376
391	377
392	378
393	379
394	380
395	381
396	382
397	383
398	384
399	385
400	386
401	387
402	388
403	389
404	390
405	391
406	392
407	393
408	394
409	395
410	396
411	397
412	398
413	399
414	400
415	401
416	402
417	403
418	404
419	405
420	406
421	407
422	408
423	409
424	410
425	411
426	412
427	413
428	414
429	415
430	416
431	417
432	418
433	419
434	420
435	421
436	422
437	423
438	424
439	425
440	426
441	427
442	428
443	429
444	430
445	431
446	432
447	433
448	434
449	435
450	436
451	437
452	438
453	439
454	440
455	441
456	442
457	443
458	444
459	445
460	446
461	447
462	448
463	449
464	450
465	451
466	452
467	453
468	454
469	455
470	456
471	457
472	458
473	459
474	460
475	461
476	462
477	463
478	464
479	465
480	466
481	467
482	468
483	469
