0	0
5	1
6	2
8	3
9	4
10	5
11	6
12	7
13	8
14	9
15	10
16	11
18	12
19	13
20	14
21	15
22	16
23	17
24	18
25	19
26	20
27	21
28	22
29	23
30	24
31	25
32	26
33	27
34	28
35	29
36	30
37	31
38	32
39	33
40	34
41	35
42	36
43	37
44	38
45	39
46	40
47	41
48	42
49	43
50	44
51	45
52	46
53	47
54	48
55	49
56	50
57	51
58	52
59	53
60	54
61	55
62	56
63	57
64	58
65	59
66	60
67	61
68	62
69	63
70	64
71	65
72	66
73	67
74	68
75	69
76	70
77	71
78	72
79	73
80	74
81	75
82	76
83	77
84	78
85	79
86	80
87	81
88	82
89	83
90	84
91	85
92	86
93	87
94	88
95	89
96	90
97	91
104	92
105	93
106	94
107	95
108	96
109	97
110	98
111	99
112	100
113	101
114	102
115	103
116	104
117	105
118	106
119	107
120	108
121	109
122	110
123	111
124	112
125	113
126	114
127	115
128	116
129	117
130	118
131	119
132	120
133	121
134	122
135	123
136	124
137	125
139	126
140	127
141	128
142	129
143	130
144	131
145	132
146	133
147	134
148	135
149	136
150	137
151	138
152	139
153	140
154	141
155	142
156	143
157	144
158	145
159	146
160	147
161	148
162	149
163	150
164	151
165	152
166	153
167	154
168	155
169	156
170	157
171	158
172	159
173	160
174	161
175	162
176	163
177	164
178	165
179	166
180	167
181	168
182	169
183	170
184	171
185	172
186	173
187	174
188	175
189	176
190	177
191	178
192	179
193	180
194	181
195	182
196	183
197	184
198	185
199	186
200	187
201	188
202	189
203	190
204	191
205	192
206	193
207	194
208	195
209	196
210	197
211	198
212	199
213	200
214	201
215	202
216	203
217	204
218	205
219	206
220	207
221	208
222	209
223	210
224	211
225	212
226	213
227	214
228	215
229	216
230	217
231	218
232	219
233	220
234	221
235	222
236	223
237	224
238	225
239	226
240	227
241	228
242	229
243	230
244	231
245	232
246	233
247	234
248	235
249	236
250	237
251	238
252	239
253	240
254	241
255	242
256	243
257	244
258	245
259	246
260	247
261	248
262	249
263	250
264	251
265	252
266	253
267	254
268	255
269	256
270	257
271	258
272	259
273	260
274	261
275	262
276	263
277	264
278	265
279	266
280	267
281	268
282	269
283	270
284	271
285	272
286	273
287	274
288	275
289	276
290	277
291	278
292	279
293	280
294	281
295	282
296	283
297	284
298	285
299	286
300	287
301	288
302	289
303	290
304	291
305	292
306	293
307	294
308	295
309	296
310	297
311	298
312	299
313	300
314	301
315	302
316	303
317	304
318	305
319	306
320	307
321	308
322	309
323	310
324	311
325	312
326	313
327	314
328	315
329	316
330	317
331	318
332	319
333	320
334	321
335	322
336	323
337	324
338	325
339	326
340	327
341	328
342	329
343	330
344	331
345	332
346	333
347	334
348	335
349	336
350	337
351	338
352	339
353	340
354	341
355	342
356	343
357	344
358	345
359	346
360	347
361	348
362	349
363	350
364	351
365	352
366	353
367	354
368	355
369	356
370	357
371	358
372	359
373	360
374	361
375	362
376	363
377	364
378	365
379	366
380	367
381	368
382	369
